Timestamp,User Count,Type,Name,Requests/s,Failures/s,50%,66%,75%,80%,90%,95%,98%,99%,99.9%,99.99%,100%,Total Request Count,Total Failure Count,Total Median Response Time,Total Average Response Time,Total Min Response Time,Total Max Response Time,Total Average Content Size
1622299970,0,,Aggregated,0.000000,0.000000,N/A,N/A,N/A,N/A,N/A,N/A,N/A,N/A,N/A,N/A,N/A,0,0,0,0,0,0,0
1622299971,0,,Aggregated,0.000000,0.000000,N/A,N/A,N/A,N/A,N/A,N/A,N/A,N/A,N/A,N/A,N/A,0,0,0,0,0,0,0
1622299972,0,,Aggregated,0.000000,0.000000,N/A,N/A,N/A,N/A,N/A,N/A,N/A,N/A,N/A,N/A,N/A,0,0,0,0,0,0,0
1622299973,4,,Aggregated,0.000000,0.000000,480,480,490,490,490,490,490,490,490,490,490,4,0,430.0,456.24192377727013,422.76113806292415,487.915100005921,119606.25
1622299974,4,,Aggregated,0.000000,0.000000,480,480,490,490,490,490,490,490,490,490,490,4,0,430.0,456.24192377727013,422.76113806292415,487.915100005921,119606.25
1622299975,6,,Aggregated,4.000000,0.000000,430,430,480,480,490,490,490,490,490,490,490,6,0,420.0,443.6430357066759,412.55469305906445,487.915100005921,250643.0
1622299976,8,,Aggregated,4.000000,0.000000,430,480,490,490,670,670,670,670,670,670,670,8,0,420.0,467.86729665473104,409.59714399650693,671.4830150012858,191126.0
1622299977,8,,Aggregated,4.000000,0.000000,430,480,490,490,670,670,670,670,670,670,670,8,0,420.0,467.86729665473104,409.59714399650693,671.4830150012858,191126.0
1622299978,10,,Aggregated,2.000000,0.000000,480,490,490,530,670,670,670,670,670,670,670,10,0,430.0,476.5537672210485,409.59714399650693,671.4830150012858,1124082.9
1622299979,14,,Aggregated,2.000000,0.000000,480,490,530,530,670,840,840,840,840,840,840,12,0,430.0,500.3110910135244,399.4395549525507,838.755864999257,1003179.5
1622299980,14,,Aggregated,2.000000,0.000000,480,490,530,530,670,840,840,840,840,840,840,12,0,430.0,500.3110910135244,399.4395549525507,838.755864999257,1003179.5
1622299981,14,,Aggregated,2.000000,0.000000,480,490,530,530,670,840,840,840,840,840,840,12,0,430.0,500.3110910135244,399.4395549525507,838.755864999257,1003179.5
1622299982,20,,Aggregated,1.666667,0.000000,480,490,500,520,560,670,840,840,840,840,840,22,0,480.0,484.67325577935713,347.7259000064805,838.755864999257,614739.1818181818
1622299983,20,,Aggregated,1.666667,0.000000,480,490,500,520,560,670,840,840,840,840,840,22,0,480.0,484.67325577935713,347.7259000064805,838.755864999257,614739.1818181818
1622299984,22,,Aggregated,2.000000,0.000000,480,500,520,530,580,670,840,840,840,840,840,27,0,480.0,488.16003212360323,347.7259000064805,838.755864999257,538883.1481481482
1622299985,24,,Aggregated,2.000000,0.000000,490,510,530,560,610,670,840,840,840,840,840,30,0,490.0,495.31658494573395,347.7259000064805,838.755864999257,617101.0333333333
1622299986,24,,Aggregated,2.000000,0.000000,490,510,530,560,610,670,840,840,840,840,840,30,0,490.0,495.31658494573395,347.7259000064805,838.755864999257,617101.0333333333
1622299987,26,,Aggregated,2.300000,0.000000,490,500,530,550,580,670,840,840,840,840,840,34,0,480.0,489.33850730228346,347.7259000064805,838.755864999257,649971.1176470588
1622299988,28,,Aggregated,2.300000,0.000000,480,500,530,560,610,670,840,840,840,840,840,40,0,480.0,487.94791708351113,347.7259000064805,838.755864999257,810153.95
1622299989,28,,Aggregated,2.300000,0.000000,480,500,530,560,610,670,840,840,840,840,840,40,0,480.0,487.94791708351113,347.7259000064805,838.755864999257,810153.95
1622299990,30,,Aggregated,2.400000,0.000000,480,500,530,560,590,630,840,840,840,840,840,44,0,480.0,485.9235891199205,347.7259000064805,838.755864999257,796107.1136363636
1622299991,32,,Aggregated,2.400000,0.000000,480,500,530,550,590,630,840,840,840,840,840,47,0,480.0,485.31023453812094,347.7259000064805,838.755864999257,765715.3829787234
1622299992,32,,Aggregated,2.400000,0.000000,480,500,530,550,590,630,840,840,840,840,840,47,0,480.0,485.31023453812094,347.7259000064805,838.755864999257,765715.3829787234
1622299993,34,,Aggregated,2.800000,0.000000,480,500,530,560,610,750,810,840,840,840,840,53,0,480.0,484.2770312086872,85.78579290769994,838.755864999257,705296.2452830189
1622299994,36,,Aggregated,3.100000,0.000000,480,510,560,560,670,790,810,840,840,840,840,62,0,480.0,486.392712645841,71.74824801040813,838.755864999257,658999.5806451613
1622299995,36,,Aggregated,3.100000,0.000000,480,510,560,560,670,790,810,840,840,840,840,62,0,480.0,486.392712645841,71.74824801040813,838.755864999257,658999.5806451613
1622299996,36,,Aggregated,3.100000,0.000000,480,510,560,560,670,790,810,840,840,840,840,62,0,480.0,486.392712645841,71.74824801040813,838.755864999257,658999.5806451613
1622299997,40,,Aggregated,4.000000,0.000000,480,520,560,580,670,790,810,840,840,840,840,73,0,480.0,477.45717043927806,48.93911199178547,838.755864999257,644277.9726027397
1622299998,40,,Aggregated,4.000000,0.000000,480,520,560,580,670,790,810,840,840,840,840,73,0,480.0,477.45717043927806,48.93911199178547,838.755864999257,644277.9726027397
1622299999,40,,Aggregated,4.000000,0.000000,480,520,560,580,670,790,810,840,840,840,840,73,0,480.0,477.45717043927806,48.93911199178547,838.755864999257,644277.9726027397
1622300000,44,,Aggregated,3.800000,0.000000,480,520,560,570,650,750,810,840,840,840,840,91,0,480.0,467.0783498779881,48.93911199178547,838.755864999257,679693.3516483516
1622300001,44,,Aggregated,3.800000,0.000000,480,520,560,570,650,750,810,840,840,840,840,91,0,480.0,467.0783498779881,48.93911199178547,838.755864999257,679693.3516483516
1622300002,46,,Aggregated,4.000000,0.000000,480,530,560,580,660,790,840,860,860,860,860,95,0,480.0,470.5544681239285,48.93911199178547,858.9829610427842,675689.0421052632
1622300003,50,,Aggregated,4.400000,0.000000,480,530,560,580,660,790,840,860,880,880,880,103,0,480.0,470.9354330354949,48.93911199178547,879.8824319965206,677382.8640776699
1622300004,50,,Aggregated,4.400000,0.000000,480,530,560,580,660,790,840,860,880,880,880,103,0,480.0,470.9354330354949,48.93911199178547,879.8824319965206,677382.8640776699
1622300005,54,,Aggregated,4.700000,0.000000,490,540,570,600,700,840,880,910,920,920,920,113,0,490.0,479.6271483950622,48.93911199178547,923.4171770513058,659797.4778761062
1622300006,56,,Aggregated,4.700000,0.000000,490,540,570,600,700,810,880,910,920,920,920,127,0,490.0,476.46901616230826,48.93911199178547,923.4171770513058,681953.3700787402
1622300007,56,,Aggregated,4.700000,0.000000,490,540,570,600,700,810,880,910,920,920,920,127,0,490.0,476.46901616230826,48.93911199178547,923.4171770513058,681953.3700787402
1622300008,58,,Aggregated,5.700000,0.000000,490,540,570,600,690,810,880,910,920,920,920,137,0,490.0,471.6769472307553,48.93911199178547,923.4171770513058,664805.0656934306
1622300009,60,,Aggregated,5.700000,0.000000,490,540,570,600,690,790,880,910,920,920,920,144,0,490.0,465.9945170456518,48.93911199178547,923.4171770513058,675902.7291666666
1622300010,60,,Aggregated,5.700000,0.000000,490,540,570,600,690,790,880,910,920,920,920,144,0,490.0,465.9945170456518,48.93911199178547,923.4171770513058,675902.7291666666
1622300011,62,,Aggregated,6.200000,0.000000,490,540,570,600,690,810,880,910,920,920,920,154,0,490.0,467.82565867836746,48.93911199178547,923.4171770513058,640238.422077922
1622300012,64,,Aggregated,6.200000,0.000000,480,540,570,600,690,810,880,910,920,920,920,159,0,480.0,460.8865327135156,48.10512799303979,923.4171770513058,662524.0
1622300013,64,,Aggregated,6.200000,0.000000,480,540,570,600,690,810,880,910,920,920,920,159,0,480.0,460.8865327135156,48.10512799303979,923.4171770513058,662524.0
1622300014,66,,Aggregated,5.800000,0.000000,480,530,560,590,670,790,880,910,920,920,920,172,0,480.0,448.51286411806564,48.10512799303979,923.4171770513058,680662.8197674418
1622300015,68,,Aggregated,6.100000,0.000000,480,530,560,590,670,790,880,910,920,920,920,188,0,480.0,440.30399888969384,48.10512799303979,923.4171770513058,693011.6808510638
1622300016,69,,Aggregated,6.100000,0.000000,480,530,560,590,670,790,880,910,920,920,920,188,0,480.0,440.30399888969384,48.10512799303979,923.4171770513058,693011.6808510638
1622300017,71,,Aggregated,7.200000,0.000000,480,530,560,590,670,790,880,910,920,920,920,196,0,480.0,439.8176952868662,48.10512799303979,923.4171770513058,707049.0153061225
1622300018,75,,Aggregated,6.900000,0.000000,480,520,560,590,670,790,860,910,920,920,920,204,0,480.0,435.5875742658813,48.10512799303979,923.4171770513058,693588.3725490196
1622300019,75,,Aggregated,6.900000,0.000000,480,520,560,590,670,790,860,910,920,920,920,204,0,480.0,435.5875742658813,48.10512799303979,923.4171770513058,693588.3725490196
1622300020,75,,Aggregated,6.600000,0.000000,470,510,550,580,670,790,860,910,920,920,920,219,0,470.0,418.9306957273506,45.725553994998336,923.4171770513058,688409.1735159818
1622300021,75,,Aggregated,6.700000,0.000000,470,510,540,570,670,750,860,910,920,920,920,228,0,470.0,413.9470011769414,45.725553994998336,923.4171770513058,673364.048245614
1622300022,75,,Aggregated,6.700000,0.000000,470,510,540,570,670,750,860,910,920,920,920,228,0,470.0,413.9470011769414,45.725553994998336,923.4171770513058,673364.048245614
1622300023,75,,Aggregated,7.500000,0.000000,450,500,540,570,660,750,860,910,920,920,920,239,0,450.0,406.9096143233247,45.725553994998336,923.4171770513058,688319.7907949791
1622300024,75,,Aggregated,7.600000,0.000000,450,500,540,570,650,730,860,910,920,920,920,248,0,450.0,404.24520884792605,45.725553994998336,923.4171770513058,712064.2741935484
1622300025,75,,Aggregated,7.600000,0.000000,450,500,540,570,650,730,860,910,920,920,920,248,0,450.0,404.24520884792605,45.725553994998336,923.4171770513058,712064.2741935484
1622300026,75,,Aggregated,6.400000,0.000000,440,500,540,560,650,730,850,910,920,920,920,257,0,440.0,397.4885872070558,45.725553994998336,923.4171770513058,693324.9805447471
1622300027,75,,Aggregated,6.700000,0.000000,420,500,530,560,620,720,850,910,920,920,920,272,0,420.0,385.1325462288942,45.725553994998336,923.4171770513058,690439.7095588235
1622300028,75,,Aggregated,6.700000,0.000000,420,500,530,560,620,720,850,910,920,920,920,272,0,420.0,385.1325462288942,45.725553994998336,923.4171770513058,690439.7095588235
1622300029,75,,Aggregated,7.200000,0.000000,420,500,530,560,620,700,850,910,920,920,920,281,0,420.0,382.4672013251078,45.725553994998336,923.4171770513058,675261.2099644128
1622300030,75,,Aggregated,7.300000,0.000000,410,500,530,560,620,720,850,910,920,920,920,291,0,410.0,378.95826850333685,45.725553994998336,923.4171770513058,684841.470790378
1622300031,75,,Aggregated,7.300000,0.000000,410,500,530,560,620,720,850,910,920,920,920,291,0,410.0,378.95826850333685,45.725553994998336,923.4171770513058,684841.470790378
1622300032,75,,Aggregated,6.800000,0.000000,410,490,530,560,620,700,840,880,920,920,920,303,0,410.0,371.8437327791648,45.725553994998336,923.4171770513058,672396.6831683168
1622300033,75,,Aggregated,6.800000,0.000000,400,490,520,550,620,700,840,880,920,920,920,314,0,400.0,364.70931471057776,45.725553994998336,923.4171770513058,654911.1210191083
1622300034,75,,Aggregated,6.800000,0.000000,400,490,520,550,620,700,840,880,920,920,920,314,0,400.0,364.70931471057776,45.725553994998336,923.4171770513058,654911.1210191083
1622300035,75,,Aggregated,7.000000,0.000000,390,490,520,540,620,700,850,880,920,920,920,326,0,390.0,359.1168263166117,45.725553994998336,923.4171770513058,650450.4417177914
1622300036,75,,Aggregated,7.300000,0.000000,390,480,520,540,620,700,850,880,920,920,920,338,0,390.0,351.7443818560617,45.725553994998336,923.4171770513058,664473.2307692308
1622300037,75,,Aggregated,7.300000,0.000000,390,480,520,540,620,700,850,880,920,920,920,338,0,390.0,351.7443818560617,45.725553994998336,923.4171770513058,664473.2307692308
1622300038,75,,Aggregated,7.200000,0.000000,380,480,510,540,610,700,840,880,920,920,920,351,0,380.0,345.9492941266602,45.725553994998336,923.4171770513058,670534.1823361823
1622300039,75,,Aggregated,7.200000,0.000000,370,480,510,540,610,700,840,880,920,920,920,361,0,370.0,341.88424586012076,45.725553994998336,923.4171770513058,683535.0083102493
1622300040,75,,Aggregated,7.200000,0.000000,370,480,510,540,610,700,840,880,920,920,920,361,0,370.0,341.88424586012076,45.725553994998336,923.4171770513058,683535.0083102493
1622300041,75,,Aggregated,7.600000,0.000000,360,480,510,540,620,700,840,880,920,920,920,369,0,360.0,337.9460808060379,45.4440739704296,923.4171770513058,686914.9539295393
1622300042,75,,Aggregated,7.600000,0.000000,350,470,510,540,610,690,840,880,920,920,920,381,0,350.0,334.337132617775,45.4440739704296,923.4171770513058,696196.9842519684
1622300043,75,,Aggregated,7.600000,0.000000,350,470,510,540,610,690,840,880,920,920,920,381,0,350.0,334.337132617775,45.4440739704296,923.4171770513058,696196.9842519684
1622300044,75,,Aggregated,7.300000,0.000000,340,470,500,530,610,690,840,880,920,920,920,395,0,340.0,326.7508564080713,45.4440739704296,923.4171770513058,706714.0683544304
1622300045,75,,Aggregated,7.500000,0.000000,330,460,500,530,610,690,810,860,920,920,920,404,0,320.0,323.3840037899445,45.4440739704296,923.4171770513058,714001.5990099009
1622300046,75,,Aggregated,7.500000,0.000000,330,460,500,530,610,690,810,860,920,920,920,404,0,320.0,323.3840037899445,45.4440739704296,923.4171770513058,714001.5990099009
1622300047,75,,Aggregated,7.100000,0.000000,290,450,500,520,600,690,810,860,920,920,920,416,0,290.0,318.4753113991274,45.4440739704296,923.4171770513058,701627.3365384615
1622300048,75,,Aggregated,7.200000,0.000000,270,440,500,520,600,670,810,860,920,920,920,427,0,270.0,314.78331874498764,44.26444403361529,923.4171770513058,694224.393442623
1622300049,75,,Aggregated,7.200000,0.000000,270,440,500,520,600,670,810,860,920,920,920,427,0,270.0,314.78331874498764,44.26444403361529,923.4171770513058,694224.393442623
1622300050,75,,Aggregated,7.300000,0.000000,250,430,490,520,600,670,810,860,920,920,920,440,0,250.0,308.44262495943855,44.26444403361529,923.4171770513058,714090.4272727272
1622300051,75,,Aggregated,7.400000,0.000000,250,430,490,510,600,670,810,860,920,920,920,446,0,250.0,305.7522448590245,44.26444403361529,923.4171770513058,718930.2869955157
1622300052,75,,Aggregated,7.400000,0.000000,250,430,490,510,600,670,810,860,920,920,920,446,0,250.0,305.7522448590245,44.26444403361529,923.4171770513058,718930.2869955157
1622300053,75,,Aggregated,7.500000,0.000000,240,420,490,510,590,670,800,860,920,920,920,456,0,240.0,301.9159255002211,44.26444403361529,923.4171770513058,719848.3837719298
1622300054,75,,Aggregated,7.400000,0.000000,230,410,490,510,590,670,800,860,920,920,920,469,0,230.0,296.6642758978068,44.26444403361529,923.4171770513058,730472.684434968
1622300055,75,,Aggregated,7.400000,0.000000,230,410,490,510,590,670,800,860,920,920,920,469,0,230.0,296.6642758978068,44.26444403361529,923.4171770513058,730472.684434968
1622300056,75,,Aggregated,7.700000,0.000000,230,410,480,500,590,670,800,860,920,920,920,482,0,230.0,291.9062346492216,44.26444403361529,923.4171770513058,726994.786307054
1622300057,75,,Aggregated,7.400000,0.000000,220,400,480,500,590,670,800,860,920,920,920,493,0,220.0,288.79194196954023,44.26444403361529,923.4171770513058,714860.4685598378
1622300058,75,,Aggregated,7.400000,0.000000,220,400,480,500,590,670,800,860,920,920,920,493,0,220.0,288.79194196954023,44.26444403361529,923.4171770513058,714860.4685598378
1622300059,75,,Aggregated,7.200000,0.000000,220,400,480,500,590,660,790,850,920,920,920,502,0,220.0,286.4232892989166,44.26444403361529,923.4171770513058,704981.5836653387
1622300060,75,,Aggregated,7.300000,0.000000,220,390,480,500,590,660,790,850,920,920,920,512,0,220.0,283.44875997095187,44.26444403361529,923.4171770513058,705158.05859375
1622300061,75,,Aggregated,7.300000,0.000000,220,390,480,500,590,660,790,850,920,920,920,512,0,220.0,283.44875997095187,44.26444403361529,923.4171770513058,705158.05859375
1622300062,75,,Aggregated,6.700000,0.000000,210,380,470,500,580,650,790,850,920,920,920,527,0,210.0,279.53776275934354,44.26444403361529,923.4171770513058,693436.2352941176
1622300063,75,,Aggregated,7.000000,0.000000,210,370,470,500,580,650,790,850,920,920,920,539,0,210.0,276.9340060557133,44.26444403361529,923.4171770513058,705226.5194805195
1622300064,75,,Aggregated,7.000000,0.000000,210,370,470,500,580,650,790,850,920,920,920,539,0,210.0,276.9340060557133,44.26444403361529,923.4171770513058,705226.5194805195
1622300065,75,,Aggregated,8.000000,0.000000,210,370,470,490,570,650,790,850,920,920,920,548,0,210.0,275.14605104403205,44.26444403361529,923.4171770513058,713485.605839416
1622300066,75,,Aggregated,7.600000,0.000000,200,360,460,490,570,650,790,850,920,920,920,556,0,200.0,272.7288578025764,44.26444403361529,923.4171770513058,713874.928057554
1622300067,75,,Aggregated,7.600000,0.000000,200,360,460,490,570,650,790,850,920,920,920,556,0,200.0,272.7288578025764,44.26444403361529,923.4171770513058,713874.928057554
1622300068,75,,Aggregated,6.600000,0.000000,200,350,450,490,570,640,790,850,920,920,920,568,0,200.0,270.3984309721395,44.26444403361529,923.4171770513058,716138.2975352113
1622300069,75,,Aggregated,7.000000,0.000000,200,340,440,490,570,640,790,850,920,920,920,580,0,200.0,266.86073277950493,44.26444403361529,923.4171770513058,728476.6068965517
1622300070,75,,Aggregated,7.000000,0.000000,200,340,440,490,570,640,790,850,920,920,920,580,0,200.0,266.86073277950493,44.26444403361529,923.4171770513058,728476.6068965517
1622300071,75,,Aggregated,7.200000,0.000000,200,340,430,490,570,630,790,850,920,920,920,589,0,200.0,264.7512816381878,44.26444403361529,923.4171770513058,737005.441426146
1622300072,75,,Aggregated,7.300000,0.000000,200,330,430,480,560,630,790,850,920,920,920,606,0,190.0,262.5673249522001,44.26444403361529,923.4171770513058,752389.4719471948
1622300073,75,,Aggregated,7.300000,0.000000,200,330,430,480,560,630,790,850,920,920,920,606,0,190.0,262.5673249522001,44.26444403361529,923.4171770513058,752389.4719471948
1622300074,75,,Aggregated,7.300000,0.000000,190,320,430,480,560,630,790,850,920,920,920,618,0,190.0,260.0009302946047,44.26444403361529,923.4171770513058,741599.7022653722
1622300075,75,,Aggregated,7.400000,0.000000,190,320,420,480,560,630,790,850,920,920,920,626,0,190.0,257.72738137550965,44.26444403361529,923.4171770513058,734848.8977635782
1622300076,75,,Aggregated,7.400000,0.000000,190,320,420,480,560,630,790,850,920,920,920,626,0,190.0,257.72738137550965,44.26444403361529,923.4171770513058,734848.8977635782
1622300077,75,,Aggregated,7.300000,0.000000,190,300,420,480,560,630,790,850,920,920,920,636,0,190.0,255.9502109260673,44.26444403361529,923.4171770513058,736982.462264151
1622300078,75,,Aggregated,7.300000,0.000000,190,300,410,470,560,620,790,850,920,920,920,644,0,190.0,254.87393721902342,44.26444403361529,923.4171770513058,730339.9922360248
1622300079,75,,Aggregated,7.300000,0.000000,190,300,410,470,560,620,790,850,920,920,920,644,0,190.0,254.87393721902342,44.26444403361529,923.4171770513058,730339.9922360248
1622300080,75,,Aggregated,7.000000,0.000000,190,300,410,470,560,620,750,850,920,920,920,658,0,190.0,252.361320602721,44.26444403361529,923.4171770513058,736163.3282674772
1622300081,75,,Aggregated,7.000000,0.000000,190,300,410,470,550,620,750,850,920,920,920,667,0,190.0,252.15579953309597,44.26444403361529,923.4171770513058,732247.532233883
1622300082,75,,Aggregated,7.000000,0.000000,190,300,410,470,550,620,750,850,920,920,920,667,0,190.0,252.15579953309597,44.26444403361529,923.4171770513058,732247.532233883
1622300083,75,,Aggregated,6.700000,0.000000,190,290,410,470,550,620,750,850,920,920,920,677,0,190.0,252.10288911430231,44.26444403361529,923.4171770513058,731475.8360413589
1622300084,75,,Aggregated,6.800000,0.000000,190,290,400,460,540,620,750,850,920,920,920,692,0,190.0,250.47537715950136,44.26444403361529,923.4171770513058,729296.3338150289
1622300085,75,,Aggregated,6.800000,0.000000,190,290,400,460,540,620,750,850,920,920,920,692,0,190.0,250.47537715950136,44.26444403361529,923.4171770513058,729296.3338150289
1622300086,75,,Aggregated,6.900000,0.000000,190,290,400,460,540,620,750,850,1100,1100,1100,704,0,190.0,249.40965547069607,44.26444403361529,1120.5337159335613,729514.2244318182
1622300087,75,,Aggregated,7.000000,0.000000,190,280,390,450,540,620,750,850,1100,1100,1100,716,0,190.0,247.4787770104679,44.26444403361529,1120.5337159335613,736127.6829608938
1622300088,75,,Aggregated,7.000000,0.000000,190,280,390,450,540,620,750,850,1100,1100,1100,716,0,190.0,247.4787770104679,44.26444403361529,1120.5337159335613,736127.6829608938
1622300089,75,,Aggregated,7.600000,0.000000,180,280,390,440,540,620,750,850,1100,1100,1100,726,0,180.0,245.08536976501384,44.26444403361529,1120.5337159335613,743905.5068870523
1622300090,75,,Aggregated,7.600000,0.000000,180,280,390,440,540,620,750,850,1100,1100,1100,732,0,180.0,244.58534571367935,44.26444403361529,1120.5337159335613,749844.5956284154
1622300091,75,,Aggregated,7.600000,0.000000,180,280,390,440,540,620,750,850,1100,1100,1100,732,0,180.0,244.58534571367935,44.26444403361529,1120.5337159335613,749844.5956284154
1622300092,75,,Aggregated,7.300000,0.000000,180,270,380,430,540,620,750,850,1100,1100,1100,748,0,180.0,242.2680614084562,44.26444403361529,1120.5337159335613,757443.2379679144
1622300093,75,,Aggregated,7.500000,0.000000,180,270,380,430,540,620,730,850,1100,1100,1100,759,0,180.0,241.7607158148687,44.26444403361529,1120.5337159335613,762617.0329380764
1622300094,75,,Aggregated,7.500000,0.000000,180,270,380,430,540,620,730,850,1100,1100,1100,759,0,180.0,241.7607158148687,44.26444403361529,1120.5337159335613,762617.0329380764
1622300095,75,,Aggregated,7.400000,0.000000,180,270,370,430,530,610,730,850,1100,1100,1100,785,0,180.0,238.95591924339237,44.26444403361529,1120.5337159335613,761412.5694267516
1622300096,75,,Aggregated,7.400000,0.000000,180,270,370,430,530,610,730,850,1100,1100,1100,785,0,180.0,238.95591924339237,44.26444403361529,1120.5337159335613,761412.5694267516
1622300097,75,,Aggregated,7.400000,0.000000,180,270,370,430,530,610,730,850,1100,1100,1100,785,0,180.0,238.95591924339237,44.26444403361529,1120.5337159335613,761412.5694267516
1622300098,75,,Aggregated,7.500000,0.000000,180,260,360,420,530,610,720,840,1100,1100,1100,804,0,170.0,236.7028398535577,44.26444403361529,1120.5337159335613,762289.2052238806
1622300099,75,,Aggregated,7.500000,0.000000,180,260,360,420,530,610,720,840,1100,1100,1100,804,0,170.0,236.7028398535577,44.26444403361529,1120.5337159335613,762289.2052238806
1622300100,75,,Aggregated,7.500000,0.000000,180,260,360,420,530,610,720,840,1100,1100,1100,804,0,170.0,236.7028398535577,44.26444403361529,1120.5337159335613,762289.2052238806
1622300101,75,,Aggregated,7.200000,0.000000,170,260,360,420,530,610,720,840,1100,1100,1100,812,0,170.0,235.3506432369488,44.26444403361529,1120.5337159335613,758766.736453202
1622300102,75,,Aggregated,7.400000,0.000000,170,250,350,410,530,610,720,840,1100,1100,1100,824,0,170.0,233.36006990943028,42.143444006796926,1120.5337159335613,753647.338592233
1622300103,75,,Aggregated,7.400000,0.000000,170,250,350,410,530,610,720,840,1100,1100,1100,824,0,170.0,233.36006990943028,42.143444006796926,1120.5337159335613,753647.338592233
1622300104,75,,Aggregated,7.600000,0.000000,170,250,350,410,520,600,720,840,1100,1100,1100,844,0,170.0,231.33034500628887,42.143444006796926,1120.5337159335613,748992.4656398104
1622300105,75,,Aggregated,7.600000,0.000000,170,250,350,410,520,600,720,840,1100,1100,1100,844,0,170.0,231.33034500628887,42.143444006796926,1120.5337159335613,748992.4656398104
1622300106,75,,Aggregated,7.600000,0.000000,170,250,350,410,520,600,720,840,1100,1100,1100,844,0,170.0,231.33034500628887,42.143444006796926,1120.5337159335613,748992.4656398104
1622300107,75,,Aggregated,6.600000,0.000000,170,250,340,410,520,600,700,840,1100,1100,1100,861,0,170.0,229.37039895145153,42.143444006796926,1120.5337159335613,739523.9059233449
1622300108,75,,Aggregated,6.600000,0.000000,170,250,340,410,520,600,700,840,1100,1100,1100,861,0,170.0,229.37039895145153,42.143444006796926,1120.5337159335613,739523.9059233449
1622300109,75,,Aggregated,6.600000,0.000000,170,250,340,410,520,600,700,840,1100,1100,1100,861,0,170.0,229.37039895145153,42.143444006796926,1120.5337159335613,739523.9059233449
1622300110,75,,Aggregated,6.600000,0.000000,170,250,340,400,520,600,700,840,1100,1100,1100,885,0,170.0,227.07489905333,42.143444006796926,1120.5337159335613,729665.0847457628
1622300111,75,,Aggregated,6.600000,0.000000,170,250,340,400,520,600,700,840,1100,1100,1100,885,0,170.0,227.07489905333,42.143444006796926,1120.5337159335613,729665.0847457628
1622300112,75,,Aggregated,6.600000,0.000000,170,250,340,400,520,600,700,840,1100,1100,1100,885,0,170.0,227.07489905333,42.143444006796926,1120.5337159335613,729665.0847457628
1622300113,75,,Aggregated,6.500000,0.000000,170,250,340,400,520,600,700,840,1100,1100,1100,894,0,170.0,226.8621061474238,42.143444006796926,1120.5337159335613,725224.081655481
1622300114,75,,Aggregated,6.600000,0.000000,170,250,340,400,510,600,700,810,1100,1100,1100,906,0,170.0,226.62689518859347,42.143444006796926,1120.5337159335613,728349.3399558499
1622300115,75,,Aggregated,6.600000,0.000000,170,250,340,400,510,600,700,810,1100,1100,1100,906,0,170.0,226.62689518859347,42.143444006796926,1120.5337159335613,728349.3399558499
1622300116,75,,Aggregated,6.600000,0.000000,160,240,330,400,510,590,700,810,1100,1100,1100,930,0,160.0,224.46086969331748,42.143444006796926,1120.5337159335613,722883.5580645162
1622300117,75,,Aggregated,6.600000,0.000000,160,240,330,400,510,590,700,810,1100,1100,1100,930,0,160.0,224.46086969331748,42.143444006796926,1120.5337159335613,722883.5580645162
1622300118,75,,Aggregated,6.600000,0.000000,160,240,330,400,510,590,700,810,1100,1100,1100,930,0,160.0,224.46086969331748,42.143444006796926,1120.5337159335613,722883.5580645162
1622300119,75,,Aggregated,7.800000,0.000000,160,240,320,390,510,590,700,810,1100,1100,1100,953,0,160.0,221.8230779923827,42.143444006796926,1120.5337159335613,725420.9244491081
1622300120,75,,Aggregated,7.800000,0.000000,160,240,320,390,510,590,700,810,1100,1100,1100,953,0,160.0,221.8230779923827,42.143444006796926,1120.5337159335613,725420.9244491081
1622300121,75,,Aggregated,7.800000,0.000000,160,240,320,390,510,590,700,810,1100,1100,1100,953,0,160.0,221.8230779923827,42.143444006796926,1120.5337159335613,725420.9244491081
1622300122,75,,Aggregated,7.400000,0.000000,160,240,320,390,510,590,700,810,1100,1100,1100,974,0,160.0,219.77634620497784,42.143444006796926,1120.5337159335613,732581.4342915812
1622300123,75,,Aggregated,7.400000,0.000000,160,240,320,390,510,590,700,810,1100,1100,1100,974,0,160.0,219.77634620497784,42.143444006796926,1120.5337159335613,732581.4342915812
1622300124,75,,Aggregated,7.400000,0.000000,160,240,320,390,510,590,700,810,1100,1100,1100,974,0,160.0,219.77634620497784,42.143444006796926,1120.5337159335613,732581.4342915812
1622300125,75,,Aggregated,7.100000,0.000000,150,230,310,380,500,590,700,810,1100,1100,1100,996,0,150.0,217.483844739737,42.143444006796926,1120.5337159335613,731742.6536144578
1622300126,75,,Aggregated,7.100000,0.000000,150,230,310,380,500,590,700,810,1100,1100,1100,996,0,150.0,217.483844739737,42.143444006796926,1120.5337159335613,731742.6536144578
1622300127,75,,Aggregated,7.100000,0.000000,150,230,310,380,500,590,700,810,1100,1100,1100,996,0,150.0,217.483844739737,42.143444006796926,1120.5337159335613,731742.6536144578
1622300128,75,,Aggregated,7.500000,0.000000,150,230,300,380,500,590,690,800,920,1100,1100,1020,0,150.0,215.93205598302816,42.143444006796926,1120.5337159335613,734898.0911764706
1622300129,75,,Aggregated,7.500000,0.000000,150,230,300,380,500,590,690,800,920,1100,1100,1020,0,150.0,215.93205598302816,42.143444006796926,1120.5337159335613,734898.0911764706
1622300130,75,,Aggregated,7.500000,0.000000,150,230,300,380,500,590,690,800,920,1100,1100,1020,0,150.0,215.93205598302816,42.143444006796926,1120.5337159335613,734898.0911764706
1622300131,75,,Aggregated,7.700000,0.000000,150,230,300,370,500,590,690,800,920,1100,1100,1042,0,150.0,215.01386964264873,42.143444006796926,1120.5337159335613,730533.8378119002
1622300132,75,,Aggregated,7.700000,0.000000,150,230,300,370,500,590,690,800,920,1100,1100,1042,0,150.0,215.01386964264873,42.143444006796926,1120.5337159335613,730533.8378119002
1622300133,75,,Aggregated,7.700000,0.000000,150,230,300,370,500,590,690,800,920,1100,1100,1042,0,150.0,215.01386964264873,42.143444006796926,1120.5337159335613,730533.8378119002
1622300134,75,,Aggregated,7.500000,0.000000,150,230,300,370,500,590,690,800,920,1100,1100,1059,0,150.0,213.7324565957143,42.143444006796926,1120.5337159335613,734154.8186968839
1622300135,75,,Aggregated,7.500000,0.000000,150,230,300,370,500,590,690,800,920,1100,1100,1059,0,150.0,213.7324565957143,42.143444006796926,1120.5337159335613,734154.8186968839
1622300136,75,,Aggregated,7.500000,0.000000,150,230,300,370,500,590,690,800,920,1100,1100,1059,0,150.0,213.7324565957143,42.143444006796926,1120.5337159335613,734154.8186968839
1622300137,75,,Aggregated,7.100000,0.000000,140,230,300,350,500,580,690,800,920,1100,1100,1091,0,140.0,210.51652798352092,42.143444006796926,1120.5337159335613,728977.9642529789
1622300138,75,,Aggregated,7.100000,0.000000,140,230,300,350,500,580,690,800,920,1100,1100,1091,0,140.0,210.51652798352092,42.143444006796926,1120.5337159335613,728977.9642529789
1622300139,75,,Aggregated,7.100000,0.000000,140,230,300,350,500,580,690,800,920,1100,1100,1091,0,140.0,210.51652798352092,42.143444006796926,1120.5337159335613,728977.9642529789
1622300140,75,,Aggregated,8.100000,0.000000,140,230,290,350,500,570,670,790,920,1100,1100,1108,0,140.0,209.67307037186166,42.143444006796926,1120.5337159335613,728411.0722021661
1622300141,75,,Aggregated,8.100000,0.000000,140,230,290,350,500,570,670,790,920,1100,1100,1108,0,140.0,209.67307037186166,42.143444006796926,1120.5337159335613,728411.0722021661
1622300142,75,,Aggregated,8.100000,0.000000,140,230,290,350,500,570,670,790,920,1100,1100,1108,0,140.0,209.67307037186166,42.143444006796926,1120.5337159335613,728411.0722021661
1622300143,75,,Aggregated,7.100000,0.000000,140,230,290,340,490,570,670,790,920,1100,1100,1130,0,130.0,208.45568853634435,42.143444006796926,1120.5337159335613,735516.6982300885
1622300144,75,,Aggregated,7.100000,0.000000,140,230,290,340,490,570,670,790,920,1100,1100,1130,0,130.0,208.45568853634435,42.143444006796926,1120.5337159335613,735516.6982300885
1622300145,75,,Aggregated,7.100000,0.000000,140,230,290,340,490,570,670,790,920,1100,1100,1130,0,130.0,208.45568853634435,42.143444006796926,1120.5337159335613,735516.6982300885
1622300146,75,,Aggregated,7.700000,0.000000,130,230,290,340,490,570,670,790,920,1100,1100,1147,0,130.0,207.41240016655485,42.143444006796926,1120.5337159335613,742358.289450741
1622300147,75,,Aggregated,7.700000,0.000000,130,230,290,340,490,570,670,790,920,1100,1100,1147,0,130.0,207.41240016655485,42.143444006796926,1120.5337159335613,742358.289450741
1622300148,75,,Aggregated,7.700000,0.000000,130,230,290,340,490,570,670,790,920,1100,1100,1147,0,130.0,207.41240016655485,42.143444006796926,1120.5337159335613,742358.289450741
1622300149,75,,Aggregated,6.400000,0.000000,130,220,290,340,490,570,670,790,920,1100,1100,1169,0,130.0,206.2325541497072,42.143444006796926,1120.5337159335613,739337.6612489307
1622300150,75,,Aggregated,6.400000,0.000000,130,220,290,340,490,570,670,790,920,1100,1100,1169,0,130.0,206.2325541497072,42.143444006796926,1120.5337159335613,739337.6612489307
1622300151,75,,Aggregated,6.400000,0.000000,130,220,290,340,490,570,670,790,920,1100,1100,1169,0,130.0,206.2325541497072,42.143444006796926,1120.5337159335613,739337.6612489307
1622300152,75,,Aggregated,6.900000,0.000000,130,220,280,340,490,570,670,790,920,1100,1100,1198,0,130.0,204.70215021106895,42.143444006796926,1120.5337159335613,742172.4833055092
1622300153,75,,Aggregated,6.900000,0.000000,130,220,280,340,490,570,670,790,920,1100,1100,1198,0,130.0,204.70215021106895,42.143444006796926,1120.5337159335613,742172.4833055092
1622300154,75,,Aggregated,6.900000,0.000000,130,220,280,340,490,570,670,790,920,1100,1100,1198,0,130.0,204.70215021106895,42.143444006796926,1120.5337159335613,742172.4833055092
1622300155,75,,Aggregated,7.600000,0.000000,130,220,280,330,480,570,670,790,920,1100,1100,1211,0,130.0,203.61922808960702,42.143444006796926,1120.5337159335613,748706.7877786953
1622300156,75,,Aggregated,7.600000,0.000000,130,220,280,330,480,570,670,790,920,1100,1100,1211,0,130.0,203.61922808960702,42.143444006796926,1120.5337159335613,748706.7877786953
1622300157,75,,Aggregated,7.600000,0.000000,130,220,280,330,480,570,670,790,920,1100,1100,1211,0,130.0,203.61922808960702,42.143444006796926,1120.5337159335613,748706.7877786953
1622300158,75,,Aggregated,7.000000,0.000000,120,220,280,330,480,560,670,790,920,1100,1100,1238,0,120.0,201.59370050452813,42.143444006796926,1120.5337159335613,746966.9450726979
1622300159,75,,Aggregated,7.000000,0.000000,120,220,280,330,480,560,670,790,920,1100,1100,1238,0,120.0,201.59370050452813,42.143444006796926,1120.5337159335613,746966.9450726979
1622300160,75,,Aggregated,7.000000,0.000000,120,220,280,330,480,560,670,790,920,1100,1100,1238,0,120.0,201.59370050452813,42.143444006796926,1120.5337159335613,746966.9450726979
1622300161,75,,Aggregated,8.100000,0.000000,120,220,280,330,480,560,670,790,920,1100,1100,1254,0,120.0,200.395981566689,42.143444006796926,1120.5337159335613,749996.346092504
1622300162,75,,Aggregated,8.100000,0.000000,120,220,280,330,480,560,670,790,920,1100,1100,1254,0,120.0,200.395981566689,42.143444006796926,1120.5337159335613,749996.346092504
1622300163,75,,Aggregated,8.100000,0.000000,120,220,280,330,480,560,670,790,920,1100,1100,1254,0,120.0,200.395981566689,42.143444006796926,1120.5337159335613,749996.346092504
1622300164,75,,Aggregated,6.400000,0.000000,120,220,270,320,480,560,670,790,920,1100,1100,1281,0,120.0,199.0270577600134,41.78359697107226,1120.5337159335613,744385.3294301328
1622300165,75,,Aggregated,6.400000,0.000000,120,220,270,320,480,560,670,790,920,1100,1100,1281,0,120.0,199.0270577600134,41.78359697107226,1120.5337159335613,744385.3294301328
1622300166,75,,Aggregated,6.400000,0.000000,120,220,270,320,480,560,670,790,920,1100,1100,1281,0,120.0,199.0270577600134,41.78359697107226,1120.5337159335613,744385.3294301328
1622300168,75,,Aggregated,7.600000,0.000000,120,220,270,320,480,560,670,790,920,1100,1100,1298,0,120.0,198.33029973828658,41.78359697107226,1120.5337159335613,744584.0416024653
1622300169,75,,Aggregated,7.600000,0.000000,120,220,270,320,480,560,670,790,920,1100,1100,1298,0,120.0,198.33029973828658,41.78359697107226,1120.5337159335613,744584.0416024653
1622300170,75,,Aggregated,7.600000,0.000000,120,220,270,320,480,560,670,790,920,1100,1100,1298,0,120.0,198.33029973828658,41.78359697107226,1120.5337159335613,744584.0416024653
1622300171,75,,Aggregated,6.600000,0.000000,120,210,270,310,480,560,660,790,920,1100,1100,1324,0,120.0,196.94523072987585,41.78359697107226,1120.5337159335613,734721.9055891238
1622300172,75,,Aggregated,6.600000,0.000000,120,210,270,310,480,560,660,790,920,1100,1100,1324,0,120.0,196.94523072987585,41.78359697107226,1120.5337159335613,734721.9055891238
1622300173,75,,Aggregated,6.600000,0.000000,120,210,270,310,480,560,660,790,920,1100,1100,1324,0,120.0,196.94523072987585,41.78359697107226,1120.5337159335613,734721.9055891238
1622300174,75,,Aggregated,7.300000,0.000000,120,210,270,310,470,550,660,790,920,1100,1100,1349,0,120.0,195.70340904943282,41.78359697107226,1120.5337159335613,739313.7323943662
1622300175,75,,Aggregated,7.300000,0.000000,120,210,270,310,470,550,660,790,920,1100,1100,1349,0,120.0,195.70340904943282,41.78359697107226,1120.5337159335613,739313.7323943662
1622300176,75,,Aggregated,7.300000,0.000000,120,210,270,310,470,550,660,790,920,1100,1100,1349,0,120.0,195.70340904943282,41.78359697107226,1120.5337159335613,739313.7323943662
1622300177,75,,Aggregated,7.200000,0.000000,120,210,260,310,470,550,650,790,920,1100,1100,1369,0,120.0,194.41314290916796,41.716303036082536,1120.5337159335613,740166.8648648649
1622300178,75,,Aggregated,7.200000,0.000000,120,210,260,310,470,550,650,790,920,1100,1100,1369,0,120.0,194.41314290916796,41.716303036082536,1120.5337159335613,740166.8648648649
1622300179,75,,Aggregated,7.200000,0.000000,120,210,260,310,470,550,650,790,920,1100,1100,1369,0,120.0,194.41314290916796,41.716303036082536,1120.5337159335613,740166.8648648649
1622300180,75,,Aggregated,7.600000,0.000000,120,210,260,300,470,540,650,790,920,1100,1100,1393,0,120.0,192.99080387050853,41.716303036082536,1120.5337159335613,737473.6044508256
1622300181,75,,Aggregated,7.600000,0.000000,120,210,260,300,470,540,650,790,920,1100,1100,1393,0,120.0,192.99080387050853,41.716303036082536,1120.5337159335613,737473.6044508256
1622300182,75,,Aggregated,7.600000,0.000000,120,210,260,300,470,540,650,790,920,1100,1100,1393,0,120.0,192.99080387050853,41.716303036082536,1120.5337159335613,737473.6044508256
1622300183,75,,Aggregated,7.400000,0.000000,120,210,260,300,470,540,650,750,920,1100,1100,1419,0,120.0,192.04582788135988,41.716303036082536,1120.5337159335613,740485.5884425652
1622300184,75,,Aggregated,7.400000,0.000000,120,210,260,300,470,540,650,750,920,1100,1100,1419,0,120.0,192.04582788135988,41.716303036082536,1120.5337159335613,740485.5884425652
1622300185,75,,Aggregated,7.400000,0.000000,120,210,260,300,470,540,650,750,920,1100,1100,1419,0,120.0,192.04582788135988,41.716303036082536,1120.5337159335613,740485.5884425652
1622300186,75,,Aggregated,7.900000,0.000000,120,210,260,300,460,540,650,750,920,1100,1100,1442,0,120.0,191.49291430614196,41.716303036082536,1120.5337159335613,730901.6345353676
1622300187,75,,Aggregated,7.900000,0.000000,120,210,260,300,460,540,650,750,920,1100,1100,1442,0,120.0,191.49291430614196,41.716303036082536,1120.5337159335613,730901.6345353676
1622300188,75,,Aggregated,7.900000,0.000000,120,210,260,300,460,540,650,750,920,1100,1100,1442,0,120.0,191.49291430614196,41.716303036082536,1120.5337159335613,730901.6345353676
1622300189,75,,Aggregated,7.700000,0.000000,120,210,260,300,460,540,640,750,920,1100,1100,1455,0,120.0,191.2625652278655,41.716303036082536,1120.5337159335613,726138.2542955326
1622300190,75,,Aggregated,7.700000,0.000000,120,210,260,300,460,540,640,750,920,1100,1100,1455,0,120.0,191.2625652278655,41.716303036082536,1120.5337159335613,726138.2542955326
1622300191,75,,Aggregated,7.700000,0.000000,120,210,260,300,460,540,640,750,920,1100,1100,1455,0,120.0,191.2625652278655,41.716303036082536,1120.5337159335613,726138.2542955326
1622300192,75,,Aggregated,6.400000,0.000000,120,210,260,300,460,540,640,750,920,1100,1100,1485,0,120.0,190.592728296149,41.716303036082536,1120.5337159335613,722947.8983164983
1622300193,75,,Aggregated,6.400000,0.000000,120,210,260,300,460,540,640,750,920,1100,1100,1485,0,120.0,190.592728296149,41.716303036082536,1120.5337159335613,722947.8983164983
1622300194,75,,Aggregated,6.400000,0.000000,120,210,260,300,460,540,640,750,920,1100,1100,1485,0,120.0,190.592728296149,41.716303036082536,1120.5337159335613,722947.8983164983
1622300195,75,,Aggregated,7.800000,0.000000,120,210,250,300,460,540,630,730,920,1100,1100,1505,0,120.0,189.9592964696865,41.716303036082536,1120.5337159335613,721345.4225913621
1622300196,75,,Aggregated,7.800000,0.000000,120,210,250,300,460,540,630,730,920,1100,1100,1505,0,120.0,189.9592964696865,41.716303036082536,1120.5337159335613,721345.4225913621
1622300197,75,,Aggregated,7.800000,0.000000,120,210,250,300,460,540,630,730,920,1100,1100,1505,0,120.0,189.9592964696865,41.716303036082536,1120.5337159335613,721345.4225913621
1622300198,75,,Aggregated,7.300000,0.000000,120,210,250,290,450,540,630,730,920,1100,1100,1533,0,120.0,188.4920926371924,41.716303036082536,1120.5337159335613,721585.0332681017
1622300199,75,,Aggregated,7.300000,0.000000,120,210,250,290,450,540,630,730,920,1100,1100,1533,0,120.0,188.4920926371924,41.716303036082536,1120.5337159335613,721585.0332681017
1622300200,75,,Aggregated,7.300000,0.000000,120,210,250,290,450,540,630,730,920,1100,1100,1533,0,120.0,188.4920926371924,41.716303036082536,1120.5337159335613,721585.0332681017
1622300201,75,,Aggregated,8.500000,0.000000,120,210,250,290,440,540,630,730,920,1100,1100,1552,0,110.0,187.72686429180146,41.716303036082536,1120.5337159335613,720577.256443299
1622300202,75,,Aggregated,8.500000,0.000000,120,210,250,290,440,540,630,730,920,1100,1100,1552,0,110.0,187.72686429180146,41.716303036082536,1120.5337159335613,720577.256443299
1622300203,75,,Aggregated,8.500000,0.000000,120,210,250,290,440,540,630,730,920,1100,1100,1552,0,110.0,187.72686429180146,41.716303036082536,1120.5337159335613,720577.256443299
1622300204,75,,Aggregated,7.800000,0.000000,120,200,250,290,440,540,630,730,920,1100,1100,1570,0,110.0,187.022866447646,41.716303036082536,1120.5337159335613,721312.1184713376
1622300205,75,,Aggregated,7.800000,0.000000,120,200,250,290,440,540,630,730,920,1100,1100,1570,0,110.0,187.022866447646,41.716303036082536,1120.5337159335613,721312.1184713376
1622300206,75,,Aggregated,7.800000,0.000000,120,200,250,290,440,540,630,730,920,1100,1100,1570,0,110.0,187.022866447646,41.716303036082536,1120.5337159335613,721312.1184713376
1622300207,75,,Aggregated,7.600000,0.000000,110,200,250,290,440,530,630,730,920,1100,1100,1595,0,110.0,186.0425022857331,41.716303036082536,1120.5337159335613,716537.8231974922
1622300208,75,,Aggregated,7.600000,0.000000,110,200,250,290,440,530,630,730,920,1100,1100,1595,0,110.0,186.0425022857331,41.716303036082536,1120.5337159335613,716537.8231974922
1622300209,75,,Aggregated,7.600000,0.000000,110,200,250,290,440,530,630,730,920,1100,1100,1595,0,110.0,186.0425022857331,41.716303036082536,1120.5337159335613,716537.8231974922
1622300210,75,,Aggregated,6.800000,0.000000,110,200,250,290,430,530,630,720,920,1100,1100,1617,0,110.0,185.3475850857705,41.716303036082536,1120.5337159335613,718271.6895485467
1622300211,75,,Aggregated,6.800000,0.000000,110,200,250,290,430,530,630,720,920,1100,1100,1617,0,110.0,185.3475850857705,41.716303036082536,1120.5337159335613,718271.6895485467
1622300212,75,,Aggregated,6.800000,0.000000,110,200,250,290,430,530,630,720,920,1100,1100,1617,0,110.0,185.3475850857705,41.716303036082536,1120.5337159335613,718271.6895485467
1622300213,75,,Aggregated,7.300000,0.000000,110,200,250,290,430,530,630,720,920,1100,1100,1640,0,110.0,184.88653987761808,41.716303036082536,1120.5337159335613,724052.631097561
1622300214,75,,Aggregated,7.300000,0.000000,110,200,250,290,430,530,630,720,920,1100,1100,1640,0,110.0,184.88653987761808,41.716303036082536,1120.5337159335613,724052.631097561
1622300215,75,,Aggregated,7.300000,0.000000,110,200,250,290,430,530,630,720,920,1100,1100,1640,0,110.0,184.88653987761808,41.716303036082536,1120.5337159335613,724052.631097561
1622300216,75,,Aggregated,7.800000,0.000000,110,200,250,290,430,530,620,720,920,1100,1100,1660,0,110.0,184.55815959826296,41.716303036082536,1120.5337159335613,719481.6451807229
1622300217,75,,Aggregated,7.800000,0.000000,110,200,250,290,430,530,620,720,920,1100,1100,1660,0,110.0,184.55815959826296,41.716303036082536,1120.5337159335613,719481.6451807229
1622300218,75,,Aggregated,7.800000,0.000000,110,200,250,290,430,530,620,720,920,1100,1100,1660,0,110.0,184.55815959826296,41.716303036082536,1120.5337159335613,719481.6451807229
1622300219,75,,Aggregated,6.900000,0.000000,110,200,240,280,430,530,620,720,920,1100,1100,1688,0,110.0,183.34832765351373,41.716303036082536,1120.5337159335613,721656.5598341232
1622300220,75,,Aggregated,6.900000,0.000000,110,200,240,280,430,530,620,720,920,1100,1100,1688,0,110.0,183.34832765351373,41.716303036082536,1120.5337159335613,721656.5598341232
1622300221,75,,Aggregated,6.900000,0.000000,110,200,240,280,430,530,620,720,920,1100,1100,1688,0,110.0,183.34832765351373,41.716303036082536,1120.5337159335613,721656.5598341232
1622300222,75,,Aggregated,7.800000,0.000000,110,200,240,280,420,530,620,700,920,1100,1100,1706,0,110.0,182.58431179138202,41.716303036082536,1120.5337159335613,719744.3792497069
1622300223,75,,Aggregated,7.800000,0.000000,110,200,240,280,420,530,620,700,920,1100,1100,1706,0,110.0,182.58431179138202,41.716303036082536,1120.5337159335613,719744.3792497069
1622300224,75,,Aggregated,7.800000,0.000000,110,200,240,280,420,530,620,700,920,1100,1100,1706,0,110.0,182.58431179138202,41.716303036082536,1120.5337159335613,719744.3792497069
1622300225,75,,Aggregated,7.200000,0.000000,110,200,240,280,420,520,620,700,920,1100,1100,1731,0,110.0,181.79912866197594,41.716303036082536,1120.5337159335613,716722.8549971115
1622300226,75,,Aggregated,7.200000,0.000000,110,200,240,280,420,520,620,700,920,1100,1100,1731,0,110.0,181.79912866197594,41.716303036082536,1120.5337159335613,716722.8549971115
1622300227,75,,Aggregated,7.200000,0.000000,110,200,240,280,420,520,620,700,920,1100,1100,1731,0,110.0,181.79912866197594,41.716303036082536,1120.5337159335613,716722.8549971115
1622300228,75,,Aggregated,7.900000,0.000000,110,200,240,280,410,520,620,700,920,1100,1100,1751,0,110.0,180.98319565053168,41.716303036082536,1120.5337159335613,718586.9154768704
1622300229,75,,Aggregated,7.900000,0.000000,110,200,240,280,410,520,620,700,920,1100,1100,1751,0,110.0,180.98319565053168,41.716303036082536,1120.5337159335613,718586.9154768704
1622300230,75,,Aggregated,7.900000,0.000000,110,200,240,280,410,520,620,700,920,1100,1100,1751,0,110.0,180.98319565053168,41.716303036082536,1120.5337159335613,718586.9154768704
1622300231,75,,Aggregated,7.300000,0.000000,110,200,240,280,410,520,620,700,920,1100,1100,1780,0,110.0,179.95806375117527,41.716303036082536,1120.5337159335613,719293.8792134832
1622300232,75,,Aggregated,7.300000,0.000000,110,200,240,280,410,520,620,700,920,1100,1100,1780,0,110.0,179.95806375117527,41.716303036082536,1120.5337159335613,719293.8792134832
1622300233,75,,Aggregated,7.300000,0.000000,110,200,240,280,410,520,620,700,920,1100,1100,1780,0,110.0,179.95806375117527,41.716303036082536,1120.5337159335613,719293.8792134832
1622300234,75,,Aggregated,8.400000,0.000000,110,200,240,280,410,520,620,700,920,1100,1100,1799,0,110.0,179.7375061901663,41.716303036082536,1120.5337159335613,717655.9866592551
1622300235,75,,Aggregated,8.400000,0.000000,110,200,240,280,410,520,620,700,920,1100,1100,1799,0,110.0,179.7375061901663,41.716303036082536,1120.5337159335613,717655.9866592551
1622300236,75,,Aggregated,8.400000,0.000000,110,200,240,280,410,520,620,700,920,1100,1100,1799,0,110.0,179.7375061901663,41.716303036082536,1120.5337159335613,717655.9866592551
1622300237,75,,Aggregated,7.600000,0.000000,110,200,240,270,410,520,620,700,920,1100,1100,1819,0,110.0,178.96550745557232,41.716303036082536,1120.5337159335613,717019.669048928
1622300238,75,,Aggregated,7.600000,0.000000,110,200,240,270,410,520,620,700,920,1100,1100,1819,0,110.0,178.96550745557232,41.716303036082536,1120.5337159335613,717019.669048928
1622300239,75,,Aggregated,7.600000,0.000000,110,200,240,270,410,520,620,700,920,1100,1100,1819,0,110.0,178.96550745557232,41.716303036082536,1120.5337159335613,717019.669048928
1622300240,75,,Aggregated,7.600000,0.000000,110,200,240,270,410,520,620,700,920,1100,1100,1836,0,110.0,178.59334516756095,41.716303036082536,1120.5337159335613,713620.0049019608
1622300241,75,,Aggregated,7.600000,0.000000,110,200,240,270,410,520,620,700,920,1100,1100,1836,0,110.0,178.59334516756095,41.716303036082536,1120.5337159335613,713620.0049019608
1622300242,75,,Aggregated,7.600000,0.000000,110,200,240,270,410,520,620,700,920,1100,1100,1836,0,110.0,178.59334516756095,41.716303036082536,1120.5337159335613,713620.0049019608
1622300243,75,,Aggregated,7.100000,0.000000,110,200,240,270,410,510,620,700,920,1100,1100,1864,0,110.0,177.537733029805,41.716303036082536,1120.5337159335613,712203.1056866953
1622300244,75,,Aggregated,7.100000,0.000000,110,200,240,270,410,510,620,700,920,1100,1100,1864,0,110.0,177.537733029805,41.716303036082536,1120.5337159335613,712203.1056866953
1622300245,75,,Aggregated,7.100000,0.000000,110,200,240,270,410,510,620,700,920,1100,1100,1864,0,110.0,177.537733029805,41.716303036082536,1120.5337159335613,712203.1056866953
1622300246,75,,Aggregated,6.900000,0.000000,110,200,230,270,410,510,620,700,920,1100,1100,1884,0,110.0,177.2717718256073,41.716303036082536,1120.5337159335613,712049.5005307855
1622300247,75,,Aggregated,6.900000,0.000000,110,200,230,270,410,510,620,700,920,1100,1100,1884,0,110.0,177.2717718256073,41.716303036082536,1120.5337159335613,712049.5005307855
1622300248,75,,Aggregated,6.900000,0.000000,110,200,230,270,410,510,620,700,920,1100,1100,1884,0,110.0,177.2717718256073,41.716303036082536,1120.5337159335613,712049.5005307855
1622300249,75,,Aggregated,7.000000,0.000000,110,200,230,270,400,510,610,700,920,1100,1100,1905,0,110.0,177.00172143177377,41.716303036082536,1120.5337159335613,710977.9842519684
1622300250,75,,Aggregated,7.000000,0.000000,110,200,230,270,400,510,610,700,920,1100,1100,1905,0,110.0,177.00172143177377,41.716303036082536,1120.5337159335613,710977.9842519684
1622300251,75,,Aggregated,7.000000,0.000000,110,200,230,270,400,510,610,700,920,1100,1100,1905,0,110.0,177.00172143177377,41.716303036082536,1120.5337159335613,710977.9842519684
1622300252,75,,Aggregated,7.500000,0.000000,110,200,230,270,400,510,610,700,920,1100,1100,1932,0,110.0,176.4726229187961,41.716303036082536,1120.5337159335613,707391.4767080746
1622300253,75,,Aggregated,7.500000,0.000000,110,200,230,270,400,510,610,700,920,1100,1100,1932,0,110.0,176.4726229187961,41.716303036082536,1120.5337159335613,707391.4767080746
1622300254,75,,Aggregated,7.500000,0.000000,110,200,230,270,400,510,610,700,920,1100,1100,1932,0,110.0,176.4726229187961,41.716303036082536,1120.5337159335613,707391.4767080746
1622300255,75,,Aggregated,7.600000,0.000000,110,200,230,270,400,510,610,700,920,1100,1100,1952,0,110.0,176.15757705121337,41.716303036082536,1120.5337159335613,708671.0399590164
1622300256,75,,Aggregated,7.600000,0.000000,110,200,230,270,400,510,610,700,920,1100,1100,1952,0,110.0,176.15757705121337,41.716303036082536,1120.5337159335613,708671.0399590164
1622300257,75,,Aggregated,7.600000,0.000000,110,200,230,270,400,510,610,700,920,1100,1100,1952,0,110.0,176.15757705121337,41.716303036082536,1120.5337159335613,708671.0399590164
1622300258,75,,Aggregated,7.700000,0.000000,110,200,230,270,400,510,610,700,920,1100,1100,1977,0,110.0,175.48759186188852,41.716303036082536,1120.5337159335613,707465.2190187152
1622300259,75,,Aggregated,7.700000,0.000000,110,200,230,270,400,510,610,700,920,1100,1100,1977,0,110.0,175.48759186188852,41.716303036082536,1120.5337159335613,707465.2190187152
1622300260,75,,Aggregated,7.700000,0.000000,110,200,230,270,400,510,610,700,920,1100,1100,1977,0,110.0,175.48759186188852,41.716303036082536,1120.5337159335613,707465.2190187152
1622300261,75,,Aggregated,7.600000,0.000000,110,200,230,270,400,500,610,690,910,1100,1100,2004,0,110.0,175.12808822338448,41.716303036082536,1120.5337159335613,702875.4336327346
1622300262,75,,Aggregated,7.600000,0.000000,110,200,230,270,400,500,610,690,910,1100,1100,2004,0,110.0,175.12808822338448,41.716303036082536,1120.5337159335613,702875.4336327346
1622300263,75,,Aggregated,7.600000,0.000000,110,200,230,270,400,500,610,690,910,1100,1100,2004,0,110.0,175.12808822338448,41.716303036082536,1120.5337159335613,702875.4336327346
1622300264,75,,Aggregated,8.300000,0.000000,100,190,230,270,400,500,610,690,910,1100,1100,2023,0,100.0,174.59940152629832,41.716303036082536,1120.5337159335613,706469.1591695502
1622300265,75,,Aggregated,8.300000,0.000000,100,190,230,270,400,500,610,690,910,1100,1100,2023,0,100.0,174.59940152629832,41.716303036082536,1120.5337159335613,706469.1591695502
1622300266,75,,Aggregated,8.300000,0.000000,100,190,230,270,400,500,610,690,910,1100,1100,2023,0,100.0,174.59940152629832,41.716303036082536,1120.5337159335613,706469.1591695502
1622300267,75,,Aggregated,7.700000,0.000000,100,190,230,270,400,500,610,690,910,1100,1100,2041,0,100.0,174.15718572828663,41.716303036082536,1120.5337159335613,710045.4262616364
1622300268,75,,Aggregated,7.700000,0.000000,100,190,230,270,400,500,610,690,910,1100,1100,2041,0,100.0,174.15718572828663,41.716303036082536,1120.5337159335613,710045.4262616364
1622300269,75,,Aggregated,7.700000,0.000000,100,190,230,270,400,500,610,690,910,1100,1100,2041,0,100.0,174.15718572828663,41.716303036082536,1120.5337159335613,710045.4262616364
1622300270,75,,Aggregated,6.800000,0.000000,100,190,230,270,390,500,610,690,910,1100,1100,2067,0,100.0,173.87553527951803,41.716303036082536,1120.5337159335613,706648.557329463
1622300271,75,,Aggregated,6.800000,0.000000,100,190,230,270,390,500,610,690,910,1100,1100,2067,0,100.0,173.87553527951803,41.716303036082536,1120.5337159335613,706648.557329463
1622300272,75,,Aggregated,6.800000,0.000000,100,190,230,270,390,500,610,690,910,1100,1100,2067,0,100.0,173.87553527951803,41.716303036082536,1120.5337159335613,706648.557329463
1622300273,75,,Aggregated,7.200000,0.000000,100,190,230,270,390,500,610,690,910,1100,1100,2093,0,100.0,173.38070601283968,41.716303036082536,1120.5337159335613,704626.110845676
1622300274,75,,Aggregated,7.200000,0.000000,100,190,230,270,390,500,610,690,910,1100,1100,2093,0,100.0,173.38070601283968,41.716303036082536,1120.5337159335613,704626.110845676
1622300275,75,,Aggregated,7.200000,0.000000,100,190,230,270,390,500,610,690,910,1100,1100,2093,0,100.0,173.38070601283968,41.716303036082536,1120.5337159335613,704626.110845676
1622300276,75,,Aggregated,7.300000,0.000000,100,190,230,270,390,500,600,690,910,1100,1100,2109,0,100.0,172.99793424277317,41.716303036082536,1120.5337159335613,702500.3565670934
1622300277,75,,Aggregated,7.300000,0.000000,100,190,230,270,390,500,600,690,910,1100,1100,2109,0,100.0,172.99793424277317,41.716303036082536,1120.5337159335613,702500.3565670934
1622300278,75,,Aggregated,7.300000,0.000000,100,190,230,270,390,500,600,690,910,1100,1100,2109,0,100.0,172.99793424277317,41.716303036082536,1120.5337159335613,702500.3565670934
1622300279,75,,Aggregated,7.700000,0.000000,100,190,230,260,390,500,600,690,910,1100,1100,2136,0,100.0,172.0493788795946,41.716303036082536,1120.5337159335613,698581.3895131086
1622300280,75,,Aggregated,7.700000,0.000000,100,190,230,260,390,500,600,690,910,1100,1100,2136,0,100.0,172.0493788795946,41.716303036082536,1120.5337159335613,698581.3895131086
1622300281,75,,Aggregated,7.700000,0.000000,100,190,230,260,390,500,600,690,910,1100,1100,2136,0,100.0,172.0493788795946,41.716303036082536,1120.5337159335613,698581.3895131086
1622300282,75,,Aggregated,8.200000,0.000000,100,190,230,260,390,500,600,690,910,1100,1100,2156,0,100.0,171.823619422897,41.716303036082536,1120.5337159335613,699047.1428571428
1622300283,75,,Aggregated,8.200000,0.000000,100,190,230,260,390,500,600,690,910,1100,1100,2156,0,100.0,171.823619422897,41.716303036082536,1120.5337159335613,699047.1428571428
1622300284,75,,Aggregated,8.200000,0.000000,100,190,230,260,390,500,600,690,910,1100,1100,2156,0,100.0,171.823619422897,41.716303036082536,1120.5337159335613,699047.1428571428
1622300285,75,,Aggregated,7.200000,0.000000,100,190,230,260,380,500,600,690,910,1100,1100,2172,0,100.0,171.6460178622935,41.716303036082536,1120.5337159335613,699619.3959484346
1622300286,75,,Aggregated,7.200000,0.000000,100,190,230,260,380,500,600,690,910,1100,1100,2172,0,100.0,171.6460178622935,41.716303036082536,1120.5337159335613,699619.3959484346
1622300287,75,,Aggregated,7.200000,0.000000,100,190,230,260,380,500,600,690,910,1100,1100,2172,0,100.0,171.6460178622935,41.716303036082536,1120.5337159335613,699619.3959484346
1622300288,75,,Aggregated,7.400000,0.000000,100,190,230,260,380,500,600,690,920,1200,1200,2196,0,100.0,171.90598849631155,41.716303036082536,1217.204361979384,699644.0514571948
1622300289,75,,Aggregated,7.400000,0.000000,100,190,230,260,380,500,600,690,920,1200,1200,2196,0,100.0,171.90598849631155,41.716303036082536,1217.204361979384,699644.0514571948
1622300290,75,,Aggregated,7.400000,0.000000,100,190,230,260,380,500,600,690,920,1200,1200,2196,0,100.0,171.90598849631155,41.716303036082536,1217.204361979384,699644.0514571948
1622300291,75,,Aggregated,6.600000,0.000000,100,190,230,260,380,500,610,690,1100,1200,1200,2224,0,100.0,172.22336112486414,41.716303036082536,1217.204361979384,699382.3853417266
1622300292,75,,Aggregated,6.600000,0.000000,100,190,230,260,380,500,610,690,1100,1200,1200,2224,0,100.0,172.22336112486414,41.716303036082536,1217.204361979384,699382.3853417266
1622300293,75,,Aggregated,6.600000,0.000000,100,190,230,260,380,500,610,690,1100,1200,1200,2224,0,100.0,172.22336112486414,41.716303036082536,1217.204361979384,699382.3853417266
1622300294,75,,Aggregated,7.800000,0.000000,100,190,230,260,380,500,610,690,1100,1200,1200,2237,0,100.0,172.14829453634462,41.716303036082536,1217.204361979384,696496.9660259276
1622300295,75,,Aggregated,7.800000,0.000000,100,190,230,260,380,500,610,690,1100,1200,1200,2237,0,100.0,172.14829453634462,41.716303036082536,1217.204361979384,696496.9660259276
1622300296,75,,Aggregated,7.800000,0.000000,100,190,230,260,380,500,610,690,1100,1200,1200,2237,0,100.0,172.14829453634462,41.716303036082536,1217.204361979384,696496.9660259276
1622300297,75,,Aggregated,6.600000,0.000000,100,190,230,270,390,510,630,790,4200,5300,5300,2255,0,100.0,182.49314495596204,41.716303036082536,5310.661856899969,699931.9365853659
1622300298,75,,Aggregated,6.600000,0.000000,100,190,230,270,390,510,630,790,4200,5300,5300,2255,0,100.0,182.49314495596204,41.716303036082536,5310.661856899969,699931.9365853659
1622300299,75,,Aggregated,6.600000,0.000000,100,190,230,270,390,510,630,790,4200,5300,5300,2255,0,100.0,182.49314495596204,41.716303036082536,5310.661856899969,699931.9365853659
1622300300,75,,Aggregated,7.400000,0.000000,110,200,240,270,400,530,700,1100,5700,6000,6000,2287,0,110.0,202.98376558721657,41.716303036082536,5958.408344071358,693923.0179274158
1622300301,75,,Aggregated,7.400000,0.000000,110,200,240,270,400,530,700,1100,5700,6000,6000,2287,0,110.0,202.98376558721657,41.716303036082536,5958.408344071358,693923.0179274158
1622300302,75,,Aggregated,7.400000,0.000000,110,200,240,270,400,530,700,1100,5700,6000,6000,2287,0,110.0,202.98376558721657,41.716303036082536,5958.408344071358,693923.0179274158
1622300303,75,,Aggregated,6.900000,0.000000,100,200,240,270,400,530,700,1100,5700,6000,6000,2304,0,100.0,202.5179975693542,41.716303036082536,5958.408344071358,692890.7703993055
1622300304,75,,Aggregated,6.900000,0.000000,100,200,240,270,400,530,700,1100,5700,6000,6000,2304,0,100.0,202.5179975693542,41.716303036082536,5958.408344071358,692890.7703993055
1622300305,75,,Aggregated,6.900000,0.000000,100,200,240,270,400,530,700,1100,5700,6000,6000,2304,0,100.0,202.5179975693542,41.716303036082536,5958.408344071358,692890.7703993055
1622300306,75,,Aggregated,7.400000,0.000000,110,200,240,270,400,530,700,1100,5700,6000,6000,2332,0,110.0,202.82228231479175,41.716303036082536,5958.408344071358,690359.6054888507
1622300307,75,,Aggregated,7.400000,0.000000,110,200,240,270,400,530,700,1100,5700,6000,6000,2332,0,110.0,202.82228231479175,41.716303036082536,5958.408344071358,690359.6054888507
1622300308,75,,Aggregated,7.400000,0.000000,110,200,240,270,400,530,700,1100,5700,6000,6000,2332,0,110.0,202.82228231479175,41.716303036082536,5958.408344071358,690359.6054888507
1622300309,75,,Aggregated,9.000000,0.000000,110,200,240,270,400,530,690,1100,5700,6000,6000,2351,0,110.0,203.6550623368807,41.716303036082536,5958.408344071358,688785.3585708209
1622300310,75,,Aggregated,9.000000,0.000000,110,200,240,270,400,530,690,1100,5700,6000,6000,2351,0,110.0,203.6550623368807,41.716303036082536,5958.408344071358,688785.3585708209
1622300311,75,,Aggregated,9.000000,0.000000,110,200,240,270,400,530,690,1100,5700,6000,6000,2351,0,110.0,203.6550623368807,41.716303036082536,5958.408344071358,688785.3585708209
1622300312,75,,Aggregated,7.100000,0.000000,110,200,240,280,410,530,690,1100,5700,6000,6000,2366,0,110.0,204.41277635501544,41.716303036082536,5958.408344071358,687771.0557903635
1622300313,75,,Aggregated,7.100000,0.000000,110,200,240,280,410,530,690,1100,5700,6000,6000,2366,0,110.0,204.41277635501544,41.716303036082536,5958.408344071358,687771.0557903635
1622300314,75,,Aggregated,7.100000,0.000000,110,200,240,280,410,530,690,1100,5700,6000,6000,2366,0,110.0,204.41277635501544,41.716303036082536,5958.408344071358,687771.0557903635
1622300315,75,,Aggregated,7.100000,0.000000,110,200,240,280,410,530,690,1100,5700,6000,6000,2393,0,110.0,205.36017947602295,41.716303036082536,5958.408344071358,685544.4947764312
1622300316,75,,Aggregated,7.100000,0.000000,110,200,240,280,410,530,690,1100,5700,6000,6000,2393,0,110.0,205.36017947602295,41.716303036082536,5958.408344071358,685544.4947764312
1622300317,75,,Aggregated,7.100000,0.000000,110,200,240,280,410,530,690,1100,5700,6000,6000,2393,0,110.0,205.36017947602295,41.716303036082536,5958.408344071358,685544.4947764312
1622300318,75,,Aggregated,7.700000,0.000000,110,200,250,280,410,530,690,1100,5700,6000,6000,2414,0,110.0,206.1252804280528,41.716303036082536,5958.408344071358,681608.3450704225
1622300319,75,,Aggregated,7.700000,0.000000,110,200,250,280,410,530,690,1100,5700,6000,6000,2414,0,110.0,206.1252804280528,41.716303036082536,5958.408344071358,681608.3450704225
1622300320,75,,Aggregated,7.700000,0.000000,110,200,250,280,410,530,690,1100,5700,6000,6000,2414,0,110.0,206.1252804280528,41.716303036082536,5958.408344071358,681608.3450704225
1622300321,75,,Aggregated,7.000000,0.000000,110,200,250,290,410,530,690,1100,5700,6000,6000,2437,0,110.0,207.58533772198842,41.716303036082536,5958.408344071358,682377.4062371769
1622300322,75,,Aggregated,7.000000,0.000000,110,200,250,290,410,530,690,1100,5700,6000,6000,2437,0,110.0,207.58533772198842,41.716303036082536,5958.408344071358,682377.4062371769
1622300323,75,,Aggregated,7.000000,0.000000,110,200,250,290,410,530,690,1100,5700,6000,6000,2437,0,110.0,207.58533772198842,41.716303036082536,5958.408344071358,682377.4062371769
1622300324,75,,Aggregated,7.900000,0.000000,110,200,250,290,420,530,670,1100,5700,6000,6000,2465,0,110.0,208.2388706893271,41.716303036082536,5958.408344071358,684309.0032454361
1622300325,75,,Aggregated,7.900000,0.000000,110,200,250,290,420,530,670,1100,5700,6000,6000,2465,0,110.0,208.2388706893271,41.716303036082536,5958.408344071358,684309.0032454361
1622300326,75,,Aggregated,7.900000,0.000000,110,200,250,290,420,530,670,1100,5700,6000,6000,2465,0,110.0,208.2388706893271,41.716303036082536,5958.408344071358,684309.0032454361
1622300327,75,,Aggregated,7.900000,0.000000,110,210,250,290,420,530,670,1100,5700,6000,6000,2482,0,110.0,208.8170993505757,41.716303036082536,5958.408344071358,681455.1784850927
1622300328,75,,Aggregated,7.900000,0.000000,110,210,250,290,420,530,670,1100,5700,6000,6000,2482,0,110.0,208.8170993505757,41.716303036082536,5958.408344071358,681455.1784850927
1622300329,75,,Aggregated,7.900000,0.000000,110,210,250,290,420,530,670,1100,5700,6000,6000,2482,0,110.0,208.8170993505757,41.716303036082536,5958.408344071358,681455.1784850927
1622300330,75,,Aggregated,7.600000,0.000000,110,210,260,300,420,530,670,920,5700,6000,6000,2506,0,110.0,209.72592156940752,41.716303036082536,5958.408344071358,677898.409018356
1622300331,75,,Aggregated,7.600000,0.000000,110,210,260,300,420,530,670,920,5700,6000,6000,2506,0,110.0,209.72592156940752,41.716303036082536,5958.408344071358,677898.409018356
1622300332,75,,Aggregated,7.600000,0.000000,110,210,260,300,420,530,670,920,5700,6000,6000,2506,0,110.0,209.72592156940752,41.716303036082536,5958.408344071358,677898.409018356
1622300333,75,,Aggregated,7.800000,0.000000,120,210,260,300,420,530,670,920,5700,6000,6000,2525,0,120.0,210.57039862685366,41.716303036082536,5958.408344071358,677692.1085148515
1622300334,75,,Aggregated,7.800000,0.000000,120,210,260,300,420,530,670,920,5700,6000,6000,2525,0,120.0,210.57039862685366,41.716303036082536,5958.408344071358,677692.1085148515
1622300335,75,,Aggregated,7.800000,0.000000,120,210,260,300,420,530,670,920,5700,6000,6000,2525,0,120.0,210.57039862685366,41.716303036082536,5958.408344071358,677692.1085148515
1622300336,75,,Aggregated,7.100000,0.000000,120,210,260,300,420,530,670,920,5700,6000,6000,2552,0,120.0,211.2081545396149,41.716303036082536,5958.408344071358,677309.1238244515
1622300337,75,,Aggregated,7.100000,0.000000,120,210,260,300,420,530,670,920,5700,6000,6000,2552,0,120.0,211.2081545396149,41.716303036082536,5958.408344071358,677309.1238244515
1622300338,75,,Aggregated,7.100000,0.000000,120,210,260,300,420,530,670,920,5700,6000,6000,2552,0,120.0,211.2081545396149,41.716303036082536,5958.408344071358,677309.1238244515
1622300339,75,,Aggregated,7.900000,0.000000,120,210,260,310,420,530,670,920,5700,6000,6000,2568,0,120.0,211.50486389143506,41.716303036082536,5958.408344071358,680223.4972741433
1622300340,75,,Aggregated,7.900000,0.000000,120,210,260,310,420,530,670,920,5700,6000,6000,2568,0,120.0,211.50486389143506,41.716303036082536,5958.408344071358,680223.4972741433
1622300341,75,,Aggregated,7.900000,0.000000,120,210,260,310,420,530,670,920,5700,6000,6000,2568,0,120.0,211.50486389143506,41.716303036082536,5958.408344071358,680223.4972741433
1622300342,75,,Aggregated,7.000000,0.000000,120,210,270,310,430,530,670,920,5700,6000,6000,2594,0,120.0,211.78753736582223,41.716303036082536,5958.408344071358,678304.8685427911
1622300343,75,,Aggregated,7.000000,0.000000,120,210,270,310,430,530,670,920,5700,6000,6000,2594,0,120.0,211.78753736582223,41.716303036082536,5958.408344071358,678304.8685427911
1622300344,75,,Aggregated,7.500000,0.000000,120,210,270,310,430,530,670,910,5700,6000,6000,2606,0,120.0,212.25724929430132,41.716303036082536,5958.408344071358,675783.7486569455
1622300345,75,,Aggregated,7.500000,0.000000,120,210,270,310,430,530,670,910,5700,6000,6000,2618,0,120.0,212.45949020892695,41.716303036082536,5958.408344071358,676541.1688311688
1622300346,75,,Aggregated,7.500000,0.000000,120,210,270,310,430,530,670,910,5700,6000,6000,2618,0,120.0,212.45949020892695,41.716303036082536,5958.408344071358,676541.1688311688
1622300347,75,,Aggregated,7.500000,0.000000,120,210,270,310,430,530,670,910,5700,6000,6000,2618,0,120.0,212.45949020892695,41.716303036082536,5958.408344071358,676541.1688311688
1622300348,75,,Aggregated,7.400000,0.000000,120,210,270,320,430,530,670,910,5700,6000,6000,2637,0,120.0,212.72449145386432,41.716303036082536,5958.408344071358,676029.8771331058
1622300349,75,,Aggregated,7.400000,0.000000,120,210,270,320,430,530,670,910,5700,6000,6000,2637,0,120.0,212.72449145386432,41.716303036082536,5958.408344071358,676029.8771331058
1622300350,75,,Aggregated,7.400000,0.000000,120,210,270,320,430,530,670,910,5700,6000,6000,2637,0,120.0,212.72449145386432,41.716303036082536,5958.408344071358,676029.8771331058
1622300351,75,,Aggregated,7.500000,0.000000,120,210,270,320,430,530,660,910,5700,6000,6000,2652,0,120.0,213.2477707454396,41.716303036082536,5958.408344071358,677821.2051282051
1622300352,75,,Aggregated,7.500000,0.000000,120,210,270,320,430,530,660,910,5700,6000,6000,2652,0,120.0,213.2477707454396,41.716303036082536,5958.408344071358,677821.2051282051
1622300353,75,,Aggregated,6.700000,0.000000,120,210,270,320,440,530,660,910,5700,6000,6000,2668,0,120.0,213.61223439872055,41.716303036082536,5958.408344071358,676422.2826086957
1622300354,75,,Aggregated,6.700000,0.000000,120,210,270,320,440,530,660,910,5700,6000,6000,2677,0,120.0,213.81748197297574,41.716303036082536,5958.408344071358,675269.6776242062
1622300355,75,,Aggregated,6.700000,0.000000,120,210,270,320,440,530,660,910,5700,6000,6000,2677,0,120.0,213.81748197297574,41.716303036082536,5958.408344071358,675269.6776242062
1622300356,75,,Aggregated,6.700000,0.000000,120,210,270,320,440,540,660,910,5700,6000,6000,2687,0,120.0,213.91155880708303,41.716303036082536,5958.408344071358,674303.3502046892
1622300357,75,,Aggregated,6.800000,0.000000,120,210,270,320,440,540,660,910,5700,6000,6000,2702,0,120.0,213.95037087695783,41.716303036082536,5958.408344071358,673377.8804589193
1622300358,75,,Aggregated,6.800000,0.000000,120,210,270,320,440,540,660,910,5700,6000,6000,2702,0,120.0,213.95037087695783,41.716303036082536,5958.408344071358,673377.8804589193
1622300359,75,,Aggregated,6.800000,0.000000,120,210,270,320,440,540,660,910,5700,6000,6000,2702,0,120.0,213.95037087695783,41.716303036082536,5958.408344071358,673377.8804589193
1622300360,75,,Aggregated,7.200000,0.000000,120,210,270,320,440,540,660,910,5700,6000,6000,2722,0,120.0,214.17127669085187,41.716303036082536,5958.408344071358,669999.7957384277
1622300361,75,,Aggregated,7.200000,0.000000,120,210,270,320,440,540,660,910,5700,6000,6000,2722,0,120.0,214.17127669085187,41.716303036082536,5958.408344071358,669999.7957384277
1622300362,75,,Aggregated,7.400000,0.000000,120,210,270,320,440,540,660,910,5700,6000,6000,2732,0,120.0,213.94753107702817,41.716303036082536,5958.408344071358,670616.6702049781
1622300363,75,,Aggregated,7.400000,0.000000,120,210,270,320,440,540,660,910,5700,6000,6000,2740,0,120.0,213.87537894685528,41.716303036082536,5958.408344071358,671071.4532846715
1622300364,75,,Aggregated,7.400000,0.000000,120,210,270,320,440,540,660,910,5700,6000,6000,2740,0,120.0,213.87537894685528,41.716303036082536,5958.408344071358,671071.4532846715
1622300365,75,,Aggregated,7.100000,0.000000,120,210,280,320,440,540,650,910,5700,6000,6000,2751,0,120.0,213.84353385329237,41.716303036082536,5958.408344071358,668841.229734642
1622300366,75,,Aggregated,7.200000,0.000000,120,210,270,320,440,540,650,910,5700,6000,6000,2758,0,120.0,213.75672132681117,41.716303036082536,5958.408344071358,670015.0540246556
1622300367,75,,Aggregated,7.200000,0.000000,120,210,270,320,440,540,650,910,5700,6000,6000,2758,0,120.0,213.75672132681117,41.716303036082536,5958.408344071358,670015.0540246556
1622300368,75,,Aggregated,6.000000,0.000000,120,220,280,320,440,530,650,910,5700,6000,6000,2770,0,120.0,213.81934364599476,41.716303036082536,5958.408344071358,668233.159566787
1622300369,75,,Aggregated,6.100000,0.000000,120,210,270,320,440,530,650,910,5700,6000,6000,2787,0,120.0,213.43823847412955,41.716303036082536,5958.408344071358,668171.2881234302
1622300370,75,,Aggregated,6.100000,0.000000,120,210,270,320,440,530,650,910,5700,6000,6000,2787,0,120.0,213.43823847412955,41.716303036082536,5958.408344071358,668171.2881234302
1622300371,75,,Aggregated,7.200000,0.000000,120,210,270,320,430,530,650,910,5700,6000,6000,2798,0,120.0,213.1157911040734,41.716303036082536,5958.408344071358,668927.022873481
1622300372,75,,Aggregated,7.400000,0.000000,120,210,270,320,430,530,650,880,5700,6000,6000,2809,0,120.0,212.8429003816833,40.44574999716133,5958.408344071358,670531.9441082235
1622300373,75,,Aggregated,7.400000,0.000000,120,210,270,320,430,530,650,880,5700,6000,6000,2809,0,120.0,212.8429003816833,40.44574999716133,5958.408344071358,670531.9441082235
1622300374,75,,Aggregated,7.600000,0.000000,120,210,270,320,430,530,650,880,5700,6000,6000,2819,0,120.0,212.72924176383677,40.44574999716133,5958.408344071358,670982.6168854204
1622300375,75,,Aggregated,7.700000,0.000000,120,210,270,320,430,530,650,880,5700,6000,6000,2828,0,120.0,212.5141971008233,40.44574999716133,5958.408344071358,670335.7050919378
1622300376,75,,Aggregated,7.700000,0.000000,120,210,270,320,430,530,650,880,5700,6000,6000,2828,0,120.0,212.5141971008233,40.44574999716133,5958.408344071358,670335.7050919378
1622300377,75,,Aggregated,7.900000,0.000000,120,210,270,320,430,530,650,880,5700,6000,6000,2840,0,120.0,212.33177607638012,40.44574999716133,5958.408344071358,672988.4964788732
1622300378,75,,Aggregated,8.000000,0.000000,120,210,270,320,430,530,650,880,5700,6000,6000,2854,0,120.0,211.97685885843794,40.44574999716133,5958.408344071358,674530.3325157673
1622300379,75,,Aggregated,8.000000,0.000000,120,210,270,320,430,530,650,880,5700,6000,6000,2854,0,120.0,211.97685885843794,40.44574999716133,5958.408344071358,674530.3325157673
1622300380,75,,Aggregated,7.500000,0.000000,120,210,270,320,430,530,650,880,5700,6000,6000,2860,0,120.0,211.86048696678492,40.44574999716133,5958.408344071358,675125.4034965035
1622300381,75,,Aggregated,7.500000,0.000000,120,210,270,320,430,530,650,880,5700,6000,6000,2870,0,120.0,211.68554666511332,40.44574999716133,5958.408344071358,673290.5801393728
1622300382,75,,Aggregated,7.500000,0.000000,120,210,270,320,430,530,650,880,5700,6000,6000,2870,0,120.0,211.68554666511332,40.44574999716133,5958.408344071358,673290.5801393728
1622300383,75,,Aggregated,7.000000,0.000000,120,210,270,320,430,530,650,880,5700,6000,6000,2886,0,120.0,211.3185164589891,40.44574999716133,5958.408344071358,671898.0693000694
1622300384,75,,Aggregated,7.100000,0.000000,120,210,270,320,430,530,650,880,5700,6000,6000,2894,0,120.0,211.05770075206343,40.44574999716133,5958.408344071358,673901.1776088459
1622300385,75,,Aggregated,7.100000,0.000000,120,210,270,320,430,530,650,880,5700,6000,6000,2894,0,120.0,211.05770075206343,40.44574999716133,5958.408344071358,673901.1776088459
1622300386,75,,Aggregated,7.200000,0.000000,120,210,270,320,430,530,650,860,5700,6000,6000,2905,0,120.0,210.71213264865463,40.44574999716133,5958.408344071358,674292.0895008605
1622300387,75,,Aggregated,7.300000,0.000000,120,210,270,320,430,530,650,860,5700,6000,6000,2919,0,120.0,210.24373677191008,40.44574999716133,5958.408344071358,672194.147995889
1622300388,75,,Aggregated,7.300000,0.000000,120,210,270,320,430,530,650,860,5700,6000,6000,2919,0,120.0,210.24373677191008,40.44574999716133,5958.408344071358,672194.147995889
1622300389,75,,Aggregated,7.100000,0.000000,120,210,270,310,420,530,650,860,5700,6000,6000,2931,0,120.0,209.79693941934036,40.44574999716133,5958.408344071358,670569.6827021494
1622300390,75,,Aggregated,7.100000,0.000000,120,210,270,310,420,530,650,860,5700,6000,6000,2939,0,120.0,209.6476184168809,40.44574999716133,5958.408344071358,670055.6832255869
1622300391,75,,Aggregated,7.100000,0.000000,120,210,270,310,420,530,650,860,5700,6000,6000,2939,0,120.0,209.6476184168809,40.44574999716133,5958.408344071358,670055.6832255869
1622300392,75,,Aggregated,7.500000,0.000000,120,210,270,310,420,530,650,860,5700,6000,6000,2953,0,120.0,209.29883812569793,40.44574999716133,5958.408344071358,669389.6647477142
1622300393,75,,Aggregated,7.600000,0.000000,120,210,270,310,420,530,650,860,5700,6000,6000,2968,0,120.0,208.89210056003563,40.44574999716133,5958.408344071358,669003.1041105122
1622300394,75,,Aggregated,7.600000,0.000000,120,210,270,310,420,530,650,860,5700,6000,6000,2968,0,120.0,208.89210056003563,40.44574999716133,5958.408344071358,669003.1041105122
1622300395,75,,Aggregated,8.200000,0.000000,120,210,270,310,420,530,650,860,5700,6000,6000,2977,0,120.0,208.74912635370296,40.44574999716133,5958.408344071358,670579.7490762513
1622300396,75,,Aggregated,8.200000,0.000000,120,210,270,310,420,530,650,860,5700,6000,6000,2986,0,120.0,208.66324005959456,40.44574999716133,5958.408344071358,670362.9812458138
1622300397,75,,Aggregated,8.200000,0.000000,120,210,270,310,420,530,650,860,5700,6000,6000,2986,0,120.0,208.66324005959456,40.44574999716133,5958.408344071358,670362.9812458138
1622300398,75,,Aggregated,7.400000,0.000000,120,210,270,310,420,530,650,860,5700,6000,6000,2998,0,120.0,208.3748155520074,40.44574999716133,5958.408344071358,671685.6234156104
1622300399,75,,Aggregated,7.400000,0.000000,120,210,270,310,420,530,640,850,5500,6000,6000,3009,0,120.0,208.2104391046054,40.44574999716133,5958.408344071358,671085.420073114
1622300400,75,,Aggregated,7.400000,0.000000,120,210,270,310,420,530,640,850,5500,6000,6000,3009,0,120.0,208.2104391046054,40.44574999716133,5958.408344071358,671085.420073114
1622300401,75,,Aggregated,7.600000,0.000000,120,210,270,310,420,530,640,850,5500,6000,6000,3020,0,120.0,208.05111793968487,40.44574999716133,5958.408344071358,669541.5658940397
1622300402,75,,Aggregated,7.800000,0.000000,120,210,270,310,420,520,640,850,5500,6000,6000,3029,0,120.0,207.84637260378116,40.44574999716133,5958.408344071358,668087.0587652691
1622300403,75,,Aggregated,7.800000,0.000000,120,210,270,310,420,520,640,850,5500,6000,6000,3029,0,120.0,207.84637260378116,40.44574999716133,5958.408344071358,668087.0587652691
1622300404,75,,Aggregated,6.600000,0.000000,120,210,270,310,420,520,640,850,5500,6000,6000,3043,0,120.0,207.51987890266705,40.44574999716133,5958.408344071358,665988.1123890897
1622300405,75,,Aggregated,6.600000,0.000000,120,210,270,310,420,520,640,850,5500,6000,6000,3052,0,120.0,207.32621144781652,40.44574999716133,5958.408344071358,666219.8650065531
1622300406,75,,Aggregated,6.600000,0.000000,120,210,270,310,420,520,640,850,5500,6000,6000,3052,0,120.0,207.32621144781652,40.44574999716133,5958.408344071358,666219.8650065531
1622300407,75,,Aggregated,7.100000,0.000000,120,210,270,310,420,520,640,850,5500,6000,6000,3077,0,120.0,206.76533151311278,40.44574999716133,5958.408344071358,670099.7302567436
1622300408,75,,Aggregated,7.100000,0.000000,120,210,270,310,420,520,640,850,5500,6000,6000,3077,0,120.0,206.76533151311278,40.44574999716133,5958.408344071358,670099.7302567436
1622300409,75,,Aggregated,7.100000,0.000000,120,210,270,310,420,520,640,850,5500,6000,6000,3077,0,120.0,206.76533151311278,40.44574999716133,5958.408344071358,670099.7302567436
1622300410,75,,Aggregated,7.300000,0.000000,120,210,270,310,420,520,640,850,5500,6000,6000,3092,0,120.0,206.42406336227035,40.44574999716133,5958.408344071358,668848.1943725743
1622300411,75,,Aggregated,7.400000,0.000000,120,210,260,310,410,520,630,850,5500,6000,6000,3102,0,120.0,206.14675352776808,40.44574999716133,5958.408344071358,670060.4967762734
1622300412,75,,Aggregated,7.400000,0.000000,120,210,260,310,410,520,630,850,5500,6000,6000,3102,0,120.0,206.14675352776808,40.44574999716133,5958.408344071358,670060.4967762734
1622300413,75,,Aggregated,8.300000,0.000000,120,210,260,300,410,520,630,850,5500,6000,6000,3121,0,120.0,205.79241409554862,40.44574999716133,5958.408344071358,672704.9291893623
1622300414,75,,Aggregated,8.300000,0.000000,120,210,260,300,410,520,630,850,5500,6000,6000,3121,0,120.0,205.79241409554862,40.44574999716133,5958.408344071358,672704.9291893623
1622300415,75,,Aggregated,8.300000,0.000000,120,210,260,300,410,520,630,850,5500,6000,6000,3121,0,120.0,205.79241409554862,40.44574999716133,5958.408344071358,672704.9291893623
1622300416,75,,Aggregated,7.500000,0.000000,120,210,260,300,410,520,630,850,5500,6000,6000,3134,0,120.0,205.4953856162313,40.44574999716133,5958.408344071358,671048.4221442246
1622300417,75,,Aggregated,7.600000,0.000000,120,210,260,300,410,520,630,850,5500,6000,6000,3142,0,120.0,205.31860541666498,40.44574999716133,5958.408344071358,671636.0445576066
1622300418,75,,Aggregated,7.600000,0.000000,120,210,260,300,410,520,630,850,5500,6000,6000,3142,0,120.0,205.31860541666498,40.44574999716133,5958.408344071358,671636.0445576066
1622300419,75,,Aggregated,7.100000,0.000000,120,210,260,300,410,520,630,850,5500,6000,6000,3151,0,120.0,205.03671949249252,40.44574999716133,5958.408344071358,670526.3376705807
1622300420,75,,Aggregated,7.100000,0.000000,120,210,260,300,410,520,630,850,5500,6000,6000,3161,0,120.0,204.8959400853521,40.44574999716133,5958.408344071358,671518.2480227776
1622300421,75,,Aggregated,7.100000,0.000000,120,210,260,300,410,520,630,850,5500,6000,6000,3161,0,120.0,204.8959400853521,40.44574999716133,5958.408344071358,671518.2480227776
1622300422,75,,Aggregated,6.700000,0.000000,120,210,260,300,410,520,630,850,5500,6000,6000,3188,0,120.0,204.198544849367,40.44574999716133,5958.408344071358,673825.4877666249
1622300423,75,,Aggregated,6.700000,0.000000,120,210,260,300,410,520,630,850,5500,6000,6000,3188,0,120.0,204.198544849367,40.44574999716133,5958.408344071358,673825.4877666249
1622300424,75,,Aggregated,6.700000,0.000000,120,210,260,300,410,520,630,850,5500,6000,6000,3188,0,120.0,204.198544849367,40.44574999716133,5958.408344071358,673825.4877666249
1622300425,75,,Aggregated,7.100000,0.000000,120,210,260,300,410,520,630,840,5500,6000,6000,3206,0,120.0,204.1058039909411,40.44574999716133,5958.408344071358,674251.2822832189
1622300426,75,,Aggregated,7.100000,0.000000,120,210,260,300,410,520,630,840,5500,6000,6000,3206,0,120.0,204.1058039909411,40.44574999716133,5958.408344071358,674251.2822832189
1622300427,75,,Aggregated,7.100000,0.000000,120,210,260,300,410,520,630,840,5500,6000,6000,3206,0,120.0,204.1058039909411,40.44574999716133,5958.408344071358,674251.2822832189
1622300428,75,,Aggregated,7.700000,0.000000,120,210,260,300,410,520,630,840,5500,6000,6000,3232,0,120.0,203.49067062998435,40.44574999716133,5958.408344071358,672939.0392945545
1622300429,75,,Aggregated,7.700000,0.000000,120,210,260,300,410,520,630,840,5500,6000,6000,3232,0,120.0,203.49067062998435,40.44574999716133,5958.408344071358,672939.0392945545
1622300430,75,,Aggregated,7.700000,0.000000,120,210,260,300,410,520,630,840,5500,6000,6000,3232,0,120.0,203.49067062998435,40.44574999716133,5958.408344071358,672939.0392945545
1622300431,75,,Aggregated,7.900000,0.000000,120,210,260,300,410,520,630,840,5500,6000,6000,3257,0,120.0,203.04576493951595,40.44574999716133,5958.408344071358,675180.7924470372
1622300432,75,,Aggregated,7.900000,0.000000,120,210,260,300,410,520,630,840,5500,6000,6000,3257,0,120.0,203.04576493951595,40.44574999716133,5958.408344071358,675180.7924470372
1622300433,75,,Aggregated,7.900000,0.000000,120,210,260,300,410,520,630,840,5500,6000,6000,3257,0,120.0,203.04576493951595,40.44574999716133,5958.408344071358,675180.7924470372
1622300434,75,,Aggregated,7.500000,0.000000,120,210,260,300,410,520,630,840,5500,6000,6000,3284,0,120.0,202.34842935932804,40.44574999716133,5958.408344071358,680278.096224117
1622300435,75,,Aggregated,7.500000,0.000000,120,210,260,300,410,520,630,840,5500,6000,6000,3284,0,120.0,202.34842935932804,40.44574999716133,5958.408344071358,680278.096224117
1622300436,75,,Aggregated,7.500000,0.000000,120,210,260,300,410,520,630,840,5500,6000,6000,3284,0,120.0,202.34842935932804,40.44574999716133,5958.408344071358,680278.096224117
1622300437,75,,Aggregated,8.700000,0.000000,120,210,260,300,410,520,630,840,5500,6000,6000,3298,0,120.0,202.04911405763028,40.44574999716133,5958.408344071358,678045.008793208
1622300438,75,,Aggregated,8.700000,0.000000,120,210,260,300,410,520,630,840,5500,6000,6000,3298,0,120.0,202.04911405763028,40.44574999716133,5958.408344071358,678045.008793208
1622300439,75,,Aggregated,8.700000,0.000000,120,210,260,300,410,520,630,840,5500,6000,6000,3298,0,120.0,202.04911405763028,40.44574999716133,5958.408344071358,678045.008793208
1622300440,75,,Aggregated,7.400000,0.000000,120,210,260,300,410,510,630,820,5500,6000,6000,3319,0,120.0,201.91125669993298,40.44574999716133,5958.408344071358,675812.41428141
1622300441,75,,Aggregated,7.400000,0.000000,120,210,260,300,410,510,630,820,5500,6000,6000,3319,0,120.0,201.91125669993298,40.44574999716133,5958.408344071358,675812.41428141
1622300442,75,,Aggregated,7.400000,0.000000,120,210,260,300,410,510,630,820,5500,6000,6000,3319,0,120.0,201.91125669993298,40.44574999716133,5958.408344071358,675812.41428141
1622300443,75,,Aggregated,6.900000,0.000000,110,210,260,300,400,510,630,820,5500,6000,6000,3346,0,110.0,201.23970634676962,40.44574999716133,5958.408344071358,673308.2919904364
1622300444,75,,Aggregated,6.900000,0.000000,110,210,260,300,400,510,630,820,5500,6000,6000,3346,0,110.0,201.23970634676962,40.44574999716133,5958.408344071358,673308.2919904364
1622300445,75,,Aggregated,6.900000,0.000000,110,210,260,300,400,510,630,820,5500,6000,6000,3346,0,110.0,201.23970634676962,40.44574999716133,5958.408344071358,673308.2919904364
1622300446,75,,Aggregated,7.200000,0.000000,110,210,260,300,400,510,630,820,5500,6000,6000,3366,0,110.0,200.8811663937058,40.44574999716133,5958.408344071358,673175.4465240642
1622300447,75,,Aggregated,7.200000,0.000000,110,210,260,300,400,510,630,820,5500,6000,6000,3366,0,110.0,200.8811663937058,40.44574999716133,5958.408344071358,673175.4465240642
1622300448,75,,Aggregated,7.200000,0.000000,110,210,260,300,400,510,630,820,5500,6000,6000,3366,0,110.0,200.8811663937058,40.44574999716133,5958.408344071358,673175.4465240642
1622300449,75,,Aggregated,7.300000,0.000000,110,210,250,290,400,510,630,820,5500,6000,6000,3392,0,110.0,200.4711082986518,40.44574999716133,5958.408344071358,673296.5430424528
1622300450,75,,Aggregated,7.300000,0.000000,110,210,250,290,400,510,630,820,5500,6000,6000,3392,0,110.0,200.4711082986518,40.44574999716133,5958.408344071358,673296.5430424528
1622300452,75,,Aggregated,7.300000,0.000000,110,210,250,290,400,510,630,820,5500,6000,6000,3392,0,110.0,200.4711082986518,40.44574999716133,5958.408344071358,673296.5430424528
1622300453,75,,Aggregated,8.300000,0.000000,110,210,250,290,400,510,630,810,5500,6000,6000,3415,0,110.0,199.9411487795234,40.44574999716133,5958.408344071358,670820.5019033675
1622300454,75,,Aggregated,8.300000,0.000000,110,210,250,290,400,510,630,810,5500,6000,6000,3415,0,110.0,199.9411487795234,40.44574999716133,5958.408344071358,670820.5019033675
1622300455,75,,Aggregated,8.300000,0.000000,110,210,250,290,400,510,630,810,5500,6000,6000,3415,0,110.0,199.9411487795234,40.44574999716133,5958.408344071358,670820.5019033675
1622300456,75,,Aggregated,7.800000,0.000000,110,210,250,290,400,510,630,810,5500,6000,6000,3435,0,110.0,199.72724422883294,40.44574999716133,5958.408344071358,671128.8832605531
1622300457,75,,Aggregated,7.800000,0.000000,110,210,250,290,400,510,630,810,5500,6000,6000,3435,0,110.0,199.72724422883294,40.44574999716133,5958.408344071358,671128.8832605531
1622300458,75,,Aggregated,7.800000,0.000000,110,210,250,290,400,510,630,810,5500,6000,6000,3435,0,110.0,199.72724422883294,40.44574999716133,5958.408344071358,671128.8832605531
1622300459,75,,Aggregated,7.500000,0.000000,110,210,250,290,400,510,620,810,5500,6000,6000,3453,0,110.0,199.6021445879301,40.44574999716133,5958.408344071358,669424.2458731538
1622300460,75,,Aggregated,7.500000,0.000000,110,210,250,290,400,510,620,810,5500,6000,6000,3453,0,110.0,199.6021445879301,40.44574999716133,5958.408344071358,669424.2458731538
1622300461,75,,Aggregated,7.500000,0.000000,110,210,250,290,400,510,620,810,5500,6000,6000,3453,0,110.0,199.6021445879301,40.44574999716133,5958.408344071358,669424.2458731538
1622300462,75,,Aggregated,7.000000,0.000000,110,210,250,290,400,510,620,810,5500,6000,6000,3479,0,110.0,199.0734393226785,40.44574999716133,5958.408344071358,668631.1555044553
1622300463,75,,Aggregated,7.000000,0.000000,110,210,250,290,400,510,620,810,5500,6000,6000,3479,0,110.0,199.0734393226785,40.44574999716133,5958.408344071358,668631.1555044553
1622300464,75,,Aggregated,7.000000,0.000000,110,210,250,290,400,510,620,810,5500,6000,6000,3479,0,110.0,199.0734393226785,40.44574999716133,5958.408344071358,668631.1555044553
1622300465,75,,Aggregated,7.100000,0.000000,110,210,250,290,400,510,620,800,5500,6000,6000,3502,0,110.0,198.66186062065907,40.44574999716133,5958.408344071358,668485.4003426613
1622300466,75,,Aggregated,7.100000,0.000000,110,210,250,290,400,510,620,800,5500,6000,6000,3502,0,110.0,198.66186062065907,40.44574999716133,5958.408344071358,668485.4003426613
1622300467,75,,Aggregated,7.100000,0.000000,110,210,250,290,400,510,620,800,5500,6000,6000,3502,0,110.0,198.66186062065907,40.44574999716133,5958.408344071358,668485.4003426613
1622300468,75,,Aggregated,7.600000,0.000000,110,210,250,290,400,510,620,800,5500,6000,6000,3520,0,110.0,198.1063908600845,40.44574999716133,5958.408344071358,668257.46875
1622300469,75,,Aggregated,7.600000,0.000000,110,210,250,290,400,510,620,800,5500,6000,6000,3520,0,110.0,198.1063908600845,40.44574999716133,5958.408344071358,668257.46875
1622300470,75,,Aggregated,7.600000,0.000000,110,210,250,290,400,510,620,800,5500,6000,6000,3520,0,110.0,198.1063908600845,40.44574999716133,5958.408344071358,668257.46875
1622300471,75,,Aggregated,7.500000,0.000000,110,210,250,290,400,510,620,800,5500,6000,6000,3539,0,110.0,197.75516172692636,40.44574999716133,5958.408344071358,665641.6123198643
1622300472,75,,Aggregated,7.500000,0.000000,110,210,250,290,400,510,620,800,5500,6000,6000,3539,0,110.0,197.75516172692636,40.44574999716133,5958.408344071358,665641.6123198643
1622300473,75,,Aggregated,7.500000,0.000000,110,210,250,290,400,510,620,800,5500,6000,6000,3539,0,110.0,197.75516172692636,40.44574999716133,5958.408344071358,665641.6123198643
1622300474,75,,Aggregated,7.100000,0.000000,110,210,250,290,400,500,620,800,5500,6000,6000,3564,0,110.0,197.49039870361298,40.44574999716133,5958.408344071358,665245.1391694725
1622300475,75,,Aggregated,7.100000,0.000000,110,210,250,290,400,500,620,800,5500,6000,6000,3564,0,110.0,197.49039870361298,40.44574999716133,5958.408344071358,665245.1391694725
1622300476,75,,Aggregated,7.100000,0.000000,110,210,250,290,400,500,620,800,5500,6000,6000,3564,0,110.0,197.49039870361298,40.44574999716133,5958.408344071358,665245.1391694725
1622300477,75,,Aggregated,7.200000,0.000000,110,210,250,290,390,500,620,800,5500,6000,6000,3589,0,110.0,197.0368926942724,40.44574999716133,5958.408344071358,666759.5695179716
1622300478,75,,Aggregated,7.200000,0.000000,110,210,250,290,390,500,620,800,5500,6000,6000,3589,0,110.0,197.0368926942724,40.44574999716133,5958.408344071358,666759.5695179716
1622300479,75,,Aggregated,7.200000,0.000000,110,210,250,290,390,500,620,800,5500,6000,6000,3589,0,110.0,197.0368926942724,40.44574999716133,5958.408344071358,666759.5695179716
1622300480,75,,Aggregated,7.700000,0.000000,110,210,250,290,390,500,620,800,5500,6000,6000,3608,0,110.0,196.76234643367061,40.44574999716133,5958.408344071358,667458.9465077606
1622300481,75,,Aggregated,7.700000,0.000000,110,210,250,290,390,500,620,800,5500,6000,6000,3608,0,110.0,196.76234643367061,40.44574999716133,5958.408344071358,667458.9465077606
1622300482,75,,Aggregated,7.700000,0.000000,110,210,250,290,390,500,620,800,5500,6000,6000,3608,0,110.0,196.76234643367061,40.44574999716133,5958.408344071358,667458.9465077606
1622300483,75,,Aggregated,7.500000,0.000000,110,210,250,290,390,500,620,800,5500,6000,6000,3628,0,110.0,196.4130191732761,40.44574999716133,5958.408344071358,666217.4448732084
1622300484,75,,Aggregated,7.500000,0.000000,110,210,250,290,390,500,620,800,5500,6000,6000,3628,0,110.0,196.4130191732761,40.44574999716133,5958.408344071358,666217.4448732084
1622300485,75,,Aggregated,7.500000,0.000000,110,210,250,290,390,500,620,800,5500,6000,6000,3628,0,110.0,196.4130191732761,40.44574999716133,5958.408344071358,666217.4448732084
1622300486,75,,Aggregated,7.200000,0.000000,110,210,250,290,390,500,620,800,5500,6000,6000,3654,0,110.0,196.37307395174622,40.44574999716133,5958.408344071358,666717.1384783798
1622300487,75,,Aggregated,7.200000,0.000000,110,210,250,290,390,500,620,800,5500,6000,6000,3654,0,110.0,196.37307395174622,40.44574999716133,5958.408344071358,666717.1384783798
1622300488,75,,Aggregated,7.200000,0.000000,110,210,250,290,390,500,620,800,5500,6000,6000,3654,0,110.0,196.37307395174622,40.44574999716133,5958.408344071358,666717.1384783798
1622300489,75,,Aggregated,6.800000,0.000000,110,210,250,290,390,500,620,800,5500,6000,6000,3672,0,110.0,196.03383458999818,40.44574999716133,5958.408344071358,668670.0830610022
1622300490,75,,Aggregated,6.800000,0.000000,110,210,250,290,390,500,620,800,5500,6000,6000,3672,0,110.0,196.03383458999818,40.44574999716133,5958.408344071358,668670.0830610022
1622300491,75,,Aggregated,6.800000,0.000000,110,210,250,290,390,500,620,800,5500,6000,6000,3672,0,110.0,196.03383458999818,40.44574999716133,5958.408344071358,668670.0830610022
1622300492,75,,Aggregated,6.800000,0.000000,110,210,250,290,390,500,620,800,5500,6000,6000,3698,0,110.0,195.5536853933451,40.44574999716133,5958.408344071358,669002.7317468902
1622300493,75,,Aggregated,6.800000,0.000000,110,210,250,290,390,500,620,800,5500,6000,6000,3698,0,110.0,195.5536853933451,40.44574999716133,5958.408344071358,669002.7317468902
1622300494,75,,Aggregated,6.800000,0.000000,110,210,250,290,390,500,620,800,5500,6000,6000,3698,0,110.0,195.5536853933451,40.44574999716133,5958.408344071358,669002.7317468902
1622300495,75,,Aggregated,8.000000,0.000000,110,210,250,290,390,500,620,790,5500,6000,6000,3717,0,110.0,195.3673088624432,40.44574999716133,5958.408344071358,667173.9217110573
1622300496,75,,Aggregated,8.000000,0.000000,110,210,250,290,390,500,620,790,5500,6000,6000,3717,0,110.0,195.3673088624432,40.44574999716133,5958.408344071358,667173.9217110573
1622300497,75,,Aggregated,8.000000,0.000000,110,210,250,290,390,500,620,790,5500,6000,6000,3717,0,110.0,195.3673088624432,40.44574999716133,5958.408344071358,667173.9217110573
1622300498,75,,Aggregated,7.100000,0.000000,110,210,250,280,390,500,620,790,5500,6000,6000,3736,0,110.0,194.96971677051897,40.44574999716133,5958.408344071358,666738.3361884368
1622300499,75,,Aggregated,7.100000,0.000000,110,210,250,280,390,500,620,790,5500,6000,6000,3736,0,110.0,194.96971677051897,40.44574999716133,5958.408344071358,666738.3361884368
1622300500,75,,Aggregated,7.100000,0.000000,110,210,250,280,390,500,620,790,5500,6000,6000,3736,0,110.0,194.96971677051897,40.44574999716133,5958.408344071358,666738.3361884368
1622300501,75,,Aggregated,6.600000,0.000000,110,210,250,280,390,500,620,790,5500,6000,6000,3762,0,110.0,194.45060826225924,40.44574999716133,5958.408344071358,667738.8779904306
1622300502,75,,Aggregated,6.600000,0.000000,110,210,250,280,390,500,620,790,5500,6000,6000,3762,0,110.0,194.45060826225924,40.44574999716133,5958.408344071358,667738.8779904306
1622300503,75,,Aggregated,6.600000,0.000000,110,210,250,280,390,500,620,790,5500,6000,6000,3762,0,110.0,194.45060826225924,40.44574999716133,5958.408344071358,667738.8779904306
1622300504,75,,Aggregated,7.300000,0.000000,110,210,250,280,390,500,620,790,5500,6000,6000,3783,0,110.0,194.12735268034675,40.44574999716133,5958.408344071358,665355.5749405234
1622300505,75,,Aggregated,7.300000,0.000000,110,210,250,280,390,500,620,790,5500,6000,6000,3783,0,110.0,194.12735268034675,40.44574999716133,5958.408344071358,665355.5749405234
1622300506,75,,Aggregated,7.300000,0.000000,110,210,250,280,390,500,620,790,5500,6000,6000,3783,0,110.0,194.12735268034675,40.44574999716133,5958.408344071358,665355.5749405234
1622300507,75,,Aggregated,7.700000,0.000000,110,200,250,280,390,500,610,790,5500,6000,6000,3804,0,110.0,193.63778220338992,40.44574999716133,5958.408344071358,664755.094637224
1622300508,75,,Aggregated,7.700000,0.000000,110,200,250,280,390,500,610,790,5500,6000,6000,3804,0,110.0,193.63778220338992,40.44574999716133,5958.408344071358,664755.094637224
1622300509,75,,Aggregated,7.700000,0.000000,110,200,250,280,390,500,610,790,5500,6000,6000,3804,0,110.0,193.63778220338992,40.44574999716133,5958.408344071358,664755.094637224
1622300510,75,,Aggregated,7.600000,0.000000,110,200,250,280,390,500,610,790,5500,6000,6000,3830,0,110.0,193.17286739707316,40.44574999716133,5958.408344071358,663568.41462141
1622300511,75,,Aggregated,7.600000,0.000000,110,200,250,280,390,500,610,790,5500,6000,6000,3830,0,110.0,193.17286739707316,40.44574999716133,5958.408344071358,663568.41462141
1622300512,75,,Aggregated,7.600000,0.000000,110,200,250,280,390,500,610,790,5500,6000,6000,3830,0,110.0,193.17286739707316,40.44574999716133,5958.408344071358,663568.41462141
1622300513,75,,Aggregated,7.500000,0.000000,110,200,250,280,380,500,610,790,5500,6000,6000,3852,0,110.0,192.77009328519662,40.44574999716133,5958.408344071358,664694.7287123572
1622300514,75,,Aggregated,7.500000,0.000000,110,200,250,280,380,500,610,790,5500,6000,6000,3852,0,110.0,192.77009328519662,40.44574999716133,5958.408344071358,664694.7287123572
1622300515,75,,Aggregated,7.500000,0.000000,110,200,250,280,380,500,610,790,5500,6000,6000,3852,0,110.0,192.77009328519662,40.44574999716133,5958.408344071358,664694.7287123572
1622300516,75,,Aggregated,8.000000,0.000000,110,200,250,280,380,500,610,790,5500,6000,6000,3874,0,110.0,192.30413724738102,40.44574999716133,5958.408344071358,662954.0028394425
1622300517,75,,Aggregated,8.000000,0.000000,110,200,250,280,380,500,610,790,5500,6000,6000,3874,0,110.0,192.30413724738102,40.44574999716133,5958.408344071358,662954.0028394425
1622300518,75,,Aggregated,8.000000,0.000000,110,200,250,280,380,500,610,790,5500,6000,6000,3874,0,110.0,192.30413724738102,40.44574999716133,5958.408344071358,662954.0028394425
1622300519,75,,Aggregated,7.500000,0.000000,110,200,250,280,380,500,610,790,5500,6000,6000,3892,0,110.0,192.22231752555092,40.44574999716133,5958.408344071358,665458.5495889003
1622300520,75,,Aggregated,7.500000,0.000000,110,200,250,280,380,500,610,790,5500,6000,6000,3892,0,110.0,192.22231752555092,40.44574999716133,5958.408344071358,665458.5495889003
1622300521,75,,Aggregated,7.500000,0.000000,110,200,250,280,380,500,610,790,5500,6000,6000,3892,0,110.0,192.22231752555092,40.44574999716133,5958.408344071358,665458.5495889003
1622300522,75,,Aggregated,7.600000,0.000000,110,200,250,280,380,500,610,790,5500,6000,6000,3919,0,110.0,192.00170394070028,40.44574999716133,5958.408344071358,663635.7351365144
1622300523,75,,Aggregated,7.600000,0.000000,110,200,250,280,380,500,610,790,5500,6000,6000,3919,0,110.0,192.00170394070028,40.44574999716133,5958.408344071358,663635.7351365144
1622300524,75,,Aggregated,7.600000,0.000000,110,200,250,280,380,500,610,790,5500,6000,6000,3919,0,110.0,192.00170394070028,40.44574999716133,5958.408344071358,663635.7351365144
1622300525,75,,Aggregated,7.300000,0.000000,110,200,250,280,380,500,610,790,5500,6000,6000,3939,0,110.0,191.84537234845092,40.44574999716133,5958.408344071358,667391.3663366337
1622300526,75,,Aggregated,7.300000,0.000000,110,200,250,280,380,500,610,790,5500,6000,6000,3939,0,110.0,191.84537234845092,40.44574999716133,5958.408344071358,667391.3663366337
1622300527,75,,Aggregated,7.300000,0.000000,110,200,250,280,380,500,610,790,5500,6000,6000,3939,0,110.0,191.84537234845092,40.44574999716133,5958.408344071358,667391.3663366337
1622300528,75,,Aggregated,7.200000,0.000000,110,200,250,280,380,500,610,790,5500,6000,6000,3967,0,110.0,191.5271417783506,40.44574999716133,5958.408344071358,666384.708847996
1622300529,75,,Aggregated,7.200000,0.000000,110,200,250,280,380,500,610,790,5500,6000,6000,3967,0,110.0,191.5271417783506,40.44574999716133,5958.408344071358,666384.708847996
1622300530,75,,Aggregated,7.200000,0.000000,110,200,250,280,380,500,610,790,5500,6000,6000,3967,0,110.0,191.5271417783506,40.44574999716133,5958.408344071358,666384.708847996
1622300531,75,,Aggregated,7.800000,0.000000,110,200,250,280,380,500,610,790,5500,6000,6000,3987,0,110.0,191.34313675528765,40.44574999716133,5958.408344071358,667686.4865813896
1622300532,75,,Aggregated,7.800000,0.000000,110,200,250,280,380,500,610,790,5500,6000,6000,3987,0,110.0,191.34313675528765,40.44574999716133,5958.408344071358,667686.4865813896
1622300533,75,,Aggregated,7.800000,0.000000,110,200,250,280,380,500,610,790,5500,6000,6000,3987,0,110.0,191.34313675528765,40.44574999716133,5958.408344071358,667686.4865813896
1622300534,75,,Aggregated,7.200000,0.000000,110,200,240,280,380,490,610,750,5300,6000,6000,4011,0,110.0,190.9969649918913,40.44574999716133,5958.408344071358,669316.9334330591
1622300535,75,,Aggregated,7.200000,0.000000,110,200,240,280,380,490,610,750,5300,6000,6000,4011,0,110.0,190.9969649918913,40.44574999716133,5958.408344071358,669316.9334330591
1622300536,75,,Aggregated,7.200000,0.000000,110,200,240,280,380,490,610,750,5300,6000,6000,4011,0,110.0,190.9969649918913,40.44574999716133,5958.408344071358,669316.9334330591
1622300537,75,,Aggregated,7.800000,0.000000,110,200,240,280,380,490,610,750,5300,6000,6000,4033,0,110.0,190.87844582604723,40.44574999716133,5958.408344071358,668446.8534589636
1622300538,75,,Aggregated,7.800000,0.000000,110,200,240,280,380,490,610,750,5300,6000,6000,4033,0,110.0,190.87844582604723,40.44574999716133,5958.408344071358,668446.8534589636
1622300539,75,,Aggregated,7.800000,0.000000,110,200,240,280,380,490,610,750,5300,6000,6000,4033,0,110.0,190.87844582604723,40.44574999716133,5958.408344071358,668446.8534589636
1622300540,75,,Aggregated,7.300000,0.000000,110,200,240,280,380,490,610,750,5300,6000,6000,4055,0,110.0,190.504026920928,40.44574999716133,5958.408344071358,667547.2308261406
1622300541,75,,Aggregated,7.300000,0.000000,110,200,240,280,380,490,610,750,5300,6000,6000,4055,0,110.0,190.504026920928,40.44574999716133,5958.408344071358,667547.2308261406
1622300542,75,,Aggregated,7.300000,0.000000,110,200,240,280,380,490,610,750,5300,6000,6000,4055,0,110.0,190.504026920928,40.44574999716133,5958.408344071358,667547.2308261406
1622300543,75,,Aggregated,7.200000,0.000000,110,200,240,280,370,490,610,750,5300,6000,6000,4071,0,110.0,190.31725811431295,40.44574999716133,5958.408344071358,668151.7700810612
1622300544,75,,Aggregated,7.200000,0.000000,110,200,240,280,370,490,610,750,5300,6000,6000,4071,0,110.0,190.31725811431295,40.44574999716133,5958.408344071358,668151.7700810612
1622300545,75,,Aggregated,7.200000,0.000000,110,200,240,280,370,490,610,750,5300,6000,6000,4071,0,110.0,190.31725811431295,40.44574999716133,5958.408344071358,668151.7700810612
1622300546,75,,Aggregated,6.700000,0.000000,110,200,240,280,370,490,610,750,5300,6000,6000,4096,0,110.0,190.03267982013483,40.44574999716133,5958.408344071358,668583.9345703125
1622300547,75,,Aggregated,6.700000,0.000000,110,200,240,280,370,490,610,750,5300,6000,6000,4096,0,110.0,190.03267982013483,40.44574999716133,5958.408344071358,668583.9345703125
1622300548,75,,Aggregated,6.700000,0.000000,110,200,240,280,370,490,610,750,5300,6000,6000,4096,0,110.0,190.03267982013483,40.44574999716133,5958.408344071358,668583.9345703125
1622300549,75,,Aggregated,7.000000,0.000000,110,200,240,280,370,490,600,730,5300,6000,6000,4121,0,110.0,189.55131548496,40.44574999716133,5958.408344071358,668325.7670468333
1622300550,75,,Aggregated,7.000000,0.000000,110,200,240,280,370,490,600,730,5300,6000,6000,4121,0,110.0,189.55131548496,40.44574999716133,5958.408344071358,668325.7670468333
1622300551,75,,Aggregated,7.000000,0.000000,110,200,240,280,370,490,600,730,5300,6000,6000,4121,0,110.0,189.55131548496,40.44574999716133,5958.408344071358,668325.7670468333
1622300552,75,,Aggregated,7.300000,0.000000,110,200,240,280,370,490,600,730,5300,6000,6000,4142,0,110.0,189.31111991243316,40.44574999716133,5958.408344071358,669014.1549975857
1622300553,75,,Aggregated,7.300000,0.000000,110,200,240,280,370,490,600,730,5300,6000,6000,4142,0,110.0,189.31111991243316,40.44574999716133,5958.408344071358,669014.1549975857
1622300554,75,,Aggregated,7.300000,0.000000,110,200,240,280,370,490,600,730,5300,6000,6000,4142,0,110.0,189.31111991243316,40.44574999716133,5958.408344071358,669014.1549975857
1622300555,75,,Aggregated,7.500000,0.000000,110,200,240,280,370,490,600,730,5300,6000,6000,4158,0,110.0,189.15867551476893,40.44574999716133,5958.408344071358,666804.6479076479
1622300556,75,,Aggregated,7.500000,0.000000,110,200,240,280,370,490,600,730,5300,6000,6000,4158,0,110.0,189.15867551476893,40.44574999716133,5958.408344071358,666804.6479076479
1622300557,75,,Aggregated,7.500000,0.000000,110,200,240,280,370,490,600,730,5300,6000,6000,4158,0,110.0,189.15867551476893,40.44574999716133,5958.408344071358,666804.6479076479
1622300558,75,,Aggregated,7.100000,0.000000,110,200,240,280,370,490,600,730,5300,6000,6000,4181,0,110.0,188.96014342175354,40.44574999716133,5958.408344071358,664222.7720640996
1622300559,75,,Aggregated,7.100000,0.000000,110,200,240,280,370,490,600,730,5300,6000,6000,4181,0,110.0,188.96014342175354,40.44574999716133,5958.408344071358,664222.7720640996
1622300560,75,,Aggregated,7.100000,0.000000,110,200,240,280,370,490,600,730,5300,6000,6000,4181,0,110.0,188.96014342175354,40.44574999716133,5958.408344071358,664222.7720640996
1622300561,75,,Aggregated,7.200000,0.000000,110,200,240,280,370,490,600,720,5300,6000,6000,4205,0,110.0,188.64047554566324,40.44574999716133,5958.408344071358,663382.6114149821
1622300562,75,,Aggregated,7.200000,0.000000,110,200,240,280,370,490,600,720,5300,6000,6000,4205,0,110.0,188.64047554566324,40.44574999716133,5958.408344071358,663382.6114149821
1622300563,75,,Aggregated,7.200000,0.000000,110,200,240,280,370,490,600,720,5300,6000,6000,4205,0,110.0,188.64047554566324,40.44574999716133,5958.408344071358,663382.6114149821
1622300564,75,,Aggregated,7.500000,0.000000,110,200,240,270,370,490,600,720,5300,6000,6000,4228,0,110.0,188.35604249215802,40.44574999716133,5958.408344071358,662691.5340586565
1622300565,75,,Aggregated,7.500000,0.000000,110,200,240,270,370,490,600,720,5300,6000,6000,4228,0,110.0,188.35604249215802,40.44574999716133,5958.408344071358,662691.5340586565
1622300566,75,,Aggregated,7.500000,0.000000,110,200,240,270,370,490,600,720,5300,6000,6000,4228,0,110.0,188.35604249215802,40.44574999716133,5958.408344071358,662691.5340586565
1622300567,75,,Aggregated,7.600000,0.000000,110,200,240,270,370,490,600,720,5300,6000,6000,4250,0,110.0,188.00099073857177,40.44574999716133,5958.408344071358,664043.848
1622300568,75,,Aggregated,7.600000,0.000000,110,200,240,270,370,490,600,720,5300,6000,6000,4250,0,110.0,188.00099073857177,40.44574999716133,5958.408344071358,664043.848
1622300569,75,,Aggregated,7.600000,0.000000,110,200,240,270,370,490,600,720,5300,6000,6000,4250,0,110.0,188.00099073857177,40.44574999716133,5958.408344071358,664043.848
1622300570,75,,Aggregated,7.400000,0.000000,110,200,240,270,370,490,600,720,5300,6000,6000,4271,0,110.0,187.82446706975603,40.44574999716133,5958.408344071358,664967.2687895107
1622300571,75,,Aggregated,7.400000,0.000000,110,200,240,270,370,490,600,720,5300,6000,6000,4271,0,110.0,187.82446706975603,40.44574999716133,5958.408344071358,664967.2687895107
1622300572,75,,Aggregated,7.400000,0.000000,110,200,240,270,370,490,600,720,5300,6000,6000,4271,0,110.0,187.82446706975603,40.44574999716133,5958.408344071358,664967.2687895107
1622300573,75,,Aggregated,7.400000,0.000000,110,200,240,270,370,490,600,720,5300,6000,6000,4290,0,110.0,187.68209490811373,40.44574999716133,5958.408344071358,663195.1163170163
1622300574,75,,Aggregated,7.400000,0.000000,110,200,240,270,370,490,600,720,5300,6000,6000,4290,0,110.0,187.68209490811373,40.44574999716133,5958.408344071358,663195.1163170163
1622300575,75,,Aggregated,7.400000,0.000000,110,200,240,270,370,490,600,720,5300,6000,6000,4290,0,110.0,187.68209490811373,40.44574999716133,5958.408344071358,663195.1163170163
1622300576,75,,Aggregated,7.000000,0.000000,110,200,240,270,370,480,600,720,5300,6000,6000,4318,0,110.0,187.20526141544823,40.44574999716133,5958.408344071358,662455.3682260306
1622300577,75,,Aggregated,7.000000,0.000000,110,200,240,270,370,480,600,720,5300,6000,6000,4318,0,110.0,187.20526141544823,40.44574999716133,5958.408344071358,662455.3682260306
1622300578,75,,Aggregated,7.000000,0.000000,110,200,240,270,370,480,600,720,5300,6000,6000,4318,0,110.0,187.20526141544823,40.44574999716133,5958.408344071358,662455.3682260306
1622300579,75,,Aggregated,7.500000,0.000000,110,200,240,270,370,480,600,720,5300,6000,6000,4336,0,110.0,186.93147717390426,40.44574999716133,5958.408344071358,662471.7163284133
1622300580,75,,Aggregated,7.500000,0.000000,110,200,240,270,370,480,600,720,5300,6000,6000,4336,0,110.0,186.93147717390426,40.44574999716133,5958.408344071358,662471.7163284133
1622300581,75,,Aggregated,7.500000,0.000000,110,200,240,270,370,480,600,720,5300,6000,6000,4336,0,110.0,186.93147717390426,40.44574999716133,5958.408344071358,662471.7163284133
1622300582,75,,Aggregated,7.600000,0.000000,110,200,240,270,370,480,600,720,5300,6000,6000,4362,0,110.0,186.71423465152338,40.44574999716133,5958.408344071358,661109.6279229712
1622300583,75,,Aggregated,7.600000,0.000000,110,200,240,270,370,480,600,720,5300,6000,6000,4362,0,110.0,186.71423465152338,40.44574999716133,5958.408344071358,661109.6279229712
1622300584,75,,Aggregated,7.600000,0.000000,110,200,240,270,370,480,600,720,5300,6000,6000,4362,0,110.0,186.71423465152338,40.44574999716133,5958.408344071358,661109.6279229712
1622300585,75,,Aggregated,8.200000,0.000000,110,200,240,270,370,480,600,720,5300,6000,6000,4379,0,110.0,186.59623072504817,40.44574999716133,5958.408344071358,660871.7225393925
1622300586,75,,Aggregated,8.200000,0.000000,110,200,240,270,370,480,600,720,5300,6000,6000,4379,0,110.0,186.59623072504817,40.44574999716133,5958.408344071358,660871.7225393925
1622300587,75,,Aggregated,8.200000,0.000000,110,200,240,270,370,480,600,720,5300,6000,6000,4379,0,110.0,186.59623072504817,40.44574999716133,5958.408344071358,660871.7225393925
1622300588,75,,Aggregated,7.000000,0.000000,110,200,240,270,370,480,600,700,5300,6000,6000,4404,0,110.0,186.3124769526479,40.44574999716133,5958.408344071358,659918.4050862852
1622300589,75,,Aggregated,7.000000,0.000000,110,200,240,270,370,480,600,700,5300,6000,6000,4404,0,110.0,186.3124769526479,40.44574999716133,5958.408344071358,659918.4050862852
1622300590,75,,Aggregated,7.000000,0.000000,110,200,240,270,370,480,600,700,5300,6000,6000,4404,0,110.0,186.3124769526479,40.44574999716133,5958.408344071358,659918.4050862852
1622300591,75,,Aggregated,7.800000,0.000000,110,200,240,270,360,480,600,700,5300,6000,6000,4425,0,110.0,185.83029147282264,40.44574999716133,5958.408344071358,658805.2569491526
1622300592,75,,Aggregated,7.800000,0.000000,110,200,240,270,360,480,600,700,5300,6000,6000,4425,0,110.0,185.83029147282264,40.44574999716133,5958.408344071358,658805.2569491526
1622300593,75,,Aggregated,7.800000,0.000000,110,200,240,270,360,480,600,700,5300,6000,6000,4425,0,110.0,185.83029147282264,40.44574999716133,5958.408344071358,658805.2569491526
1622300594,75,,Aggregated,7.200000,0.000000,100,200,240,270,360,480,600,700,5300,6000,6000,4449,0,100.0,185.47504012738833,40.44574999716133,5958.408344071358,659751.1903798607
1622300595,75,,Aggregated,7.200000,0.000000,100,200,240,270,360,480,600,700,5300,6000,6000,4449,0,100.0,185.47504012738833,40.44574999716133,5958.408344071358,659751.1903798607
1622300596,75,,Aggregated,7.200000,0.000000,100,200,240,270,360,480,600,700,5300,6000,6000,4449,0,100.0,185.47504012738833,40.44574999716133,5958.408344071358,659751.1903798607
1622300597,75,,Aggregated,7.400000,0.000000,100,200,240,270,360,480,600,700,5300,6000,6000,4473,0,100.0,185.18025111817215,40.44574999716133,5958.408344071358,659048.2881734853
1622300598,75,,Aggregated,7.400000,0.000000,100,200,240,270,360,480,600,700,5300,6000,6000,4473,0,100.0,185.18025111817215,40.44574999716133,5958.408344071358,659048.2881734853
1622300599,75,,Aggregated,7.400000,0.000000,100,200,240,270,360,480,600,700,5300,6000,6000,4473,0,100.0,185.18025111817215,40.44574999716133,5958.408344071358,659048.2881734853
1622300600,75,,Aggregated,7.300000,0.000000,100,200,240,270,360,480,600,700,5300,6000,6000,4492,0,100.0,185.09645082354766,40.44574999716133,5958.408344071358,657600.7177203918
1622300601,75,,Aggregated,7.300000,0.000000,100,200,240,270,360,480,600,700,5300,6000,6000,4492,0,100.0,185.09645082354766,40.44574999716133,5958.408344071358,657600.7177203918
1622300602,75,,Aggregated,7.300000,0.000000,100,200,240,270,360,480,600,700,5300,6000,6000,4492,0,100.0,185.09645082354766,40.44574999716133,5958.408344071358,657600.7177203918
1622300603,75,,Aggregated,7.300000,0.000000,100,200,240,270,360,480,590,700,5300,6000,6000,4515,0,100.0,184.96022409315202,40.44574999716133,5958.408344071358,656561.900110742
1622300604,75,,Aggregated,7.300000,0.000000,100,200,240,270,360,480,590,700,5300,6000,6000,4515,0,100.0,184.96022409315202,40.44574999716133,5958.408344071358,656561.900110742
1622300605,75,,Aggregated,7.300000,0.000000,100,200,240,270,360,480,590,700,5300,6000,6000,4515,0,100.0,184.96022409315202,40.44574999716133,5958.408344071358,656561.900110742
1622300606,75,,Aggregated,7.500000,0.000000,100,200,240,270,360,480,590,700,5300,6000,6000,4533,0,100.0,184.70805390644367,40.44574999716133,5958.408344071358,656788.2634017207
1622300607,75,,Aggregated,7.500000,0.000000,100,200,240,270,360,480,590,700,5300,6000,6000,4533,0,100.0,184.70805390644367,40.44574999716133,5958.408344071358,656788.2634017207
1622300608,75,,Aggregated,7.500000,0.000000,100,200,240,270,360,480,590,700,5300,6000,6000,4533,0,100.0,184.70805390644367,40.44574999716133,5958.408344071358,656788.2634017207
1622300609,75,,Aggregated,6.700000,0.000000,100,200,240,270,360,480,590,700,5300,6000,6000,4552,0,100.0,184.82848589515407,40.44574999716133,5958.408344071358,655983.3796133568
1622300610,75,,Aggregated,6.700000,0.000000,100,200,240,270,360,480,590,700,5300,6000,6000,4552,0,100.0,184.82848589515407,40.44574999716133,5958.408344071358,655983.3796133568
1622300611,75,,Aggregated,6.700000,0.000000,100,200,240,270,360,480,590,700,5300,6000,6000,4552,0,100.0,184.82848589515407,40.44574999716133,5958.408344071358,655983.3796133568
1622300612,75,,Aggregated,6.600000,0.000000,100,200,240,270,360,480,590,700,5300,6000,6000,4581,0,100.0,184.69100000405228,40.44574999716133,5958.408344071358,654656.2392490723
1622300613,75,,Aggregated,6.600000,0.000000,100,200,240,270,360,480,590,700,5300,6000,6000,4581,0,100.0,184.69100000405228,40.44574999716133,5958.408344071358,654656.2392490723
1622300614,75,,Aggregated,6.600000,0.000000,100,200,240,270,360,480,590,700,5300,6000,6000,4581,0,100.0,184.69100000405228,40.44574999716133,5958.408344071358,654656.2392490723
1622300615,75,,Aggregated,7.400000,0.000000,110,200,240,270,360,480,590,700,5300,6000,6000,4603,0,110.0,184.61784561621283,40.44574999716133,5958.408344071358,653710.6978057788
1622300616,75,,Aggregated,7.400000,0.000000,110,200,240,270,360,480,590,700,5300,6000,6000,4603,0,110.0,184.61784561621283,40.44574999716133,5958.408344071358,653710.6978057788
1622300617,75,,Aggregated,7.400000,0.000000,110,200,240,270,360,480,590,700,5300,6000,6000,4603,0,110.0,184.61784561621283,40.44574999716133,5958.408344071358,653710.6978057788
1622300618,75,,Aggregated,7.300000,0.000000,100,200,240,270,360,480,590,700,5300,6000,6000,4621,0,100.0,184.4739764123786,40.44574999716133,5958.408344071358,652143.9880978144
1622300619,75,,Aggregated,7.300000,0.000000,100,200,240,270,360,480,590,700,5300,6000,6000,4621,0,100.0,184.4739764123786,40.44574999716133,5958.408344071358,652143.9880978144
1622300620,75,,Aggregated,7.300000,0.000000,100,200,240,270,360,480,590,700,5300,6000,6000,4621,0,100.0,184.4739764123786,40.44574999716133,5958.408344071358,652143.9880978144
1622300621,75,,Aggregated,7.200000,0.000000,110,200,240,270,360,480,590,700,5300,6000,6000,4640,0,110.0,184.72584514018874,40.44574999716133,5958.408344071358,651899.6650862069
1622300622,75,,Aggregated,7.200000,0.000000,110,200,240,270,360,480,590,700,5300,6000,6000,4640,0,110.0,184.72584514018874,40.44574999716133,5958.408344071358,651899.6650862069
1622300623,75,,Aggregated,7.200000,0.000000,110,200,240,270,360,480,590,700,5300,6000,6000,4640,0,110.0,184.72584514018874,40.44574999716133,5958.408344071358,651899.6650862069
1622300624,75,,Aggregated,7.200000,0.000000,110,200,240,270,360,480,590,700,5300,6000,6000,4669,0,110.0,184.75801621938587,40.44574999716133,5958.408344071358,653386.9683015635
1622300625,75,,Aggregated,7.200000,0.000000,110,200,240,270,360,480,590,700,5300,6000,6000,4669,0,110.0,184.75801621938587,40.44574999716133,5958.408344071358,653386.9683015635
1622300626,75,,Aggregated,7.200000,0.000000,110,200,240,270,360,480,590,700,5300,6000,6000,4669,0,110.0,184.75801621938587,40.44574999716133,5958.408344071358,653386.9683015635
1622300627,75,,Aggregated,7.000000,0.000000,110,200,240,270,360,480,590,700,5300,6000,6000,4689,0,110.0,184.76370048037037,40.44574999716133,5958.408344071358,654184.978246961
1622300628,75,,Aggregated,7.000000,0.000000,110,200,240,270,360,480,590,700,5300,6000,6000,4689,0,110.0,184.76370048037037,40.44574999716133,5958.408344071358,654184.978246961
1622300629,75,,Aggregated,7.000000,0.000000,110,200,240,270,360,480,590,700,5300,6000,6000,4689,0,110.0,184.76370048037037,40.44574999716133,5958.408344071358,654184.978246961
1622300630,75,,Aggregated,7.200000,0.000000,110,200,240,270,360,480,590,700,5300,6000,6000,4713,0,110.0,184.82805883487003,40.44574999716133,5958.408344071358,652365.4311478888
1622300631,75,,Aggregated,7.200000,0.000000,110,200,240,270,360,480,590,700,5300,6000,6000,4713,0,110.0,184.82805883487003,40.44574999716133,5958.408344071358,652365.4311478888
1622300632,75,,Aggregated,7.200000,0.000000,110,200,240,270,360,480,590,700,5300,6000,6000,4713,0,110.0,184.82805883487003,40.44574999716133,5958.408344071358,652365.4311478888
1622300633,75,,Aggregated,7.800000,0.000000,110,200,240,270,360,480,590,700,5300,6000,6000,4731,0,110.0,185.09539170421996,40.44574999716133,5958.408344071358,650759.605157472
1622300634,75,,Aggregated,7.800000,0.000000,110,200,240,270,360,480,590,700,5300,6000,6000,4731,0,110.0,185.09539170421996,40.44574999716133,5958.408344071358,650759.605157472
1622300635,75,,Aggregated,7.800000,0.000000,110,200,240,270,360,480,590,700,5300,6000,6000,4731,0,110.0,185.09539170421996,40.44574999716133,5958.408344071358,650759.605157472
1622300636,75,,Aggregated,7.300000,0.000000,110,200,240,270,370,480,590,700,5300,6000,6000,4758,0,110.0,185.65229262815382,40.44574999716133,5958.408344071358,652247.7725935266
1622300637,75,,Aggregated,7.300000,0.000000,110,200,240,270,370,480,590,700,5300,6000,6000,4758,0,110.0,185.65229262815382,40.44574999716133,5958.408344071358,652247.7725935266
1622300638,75,,Aggregated,7.300000,0.000000,110,200,240,270,370,480,590,700,5300,6000,6000,4758,0,110.0,185.65229262815382,40.44574999716133,5958.408344071358,652247.7725935266
1622300639,75,,Aggregated,7.200000,0.000000,110,200,240,270,370,480,590,700,5300,6000,6000,4779,0,110.0,185.73972941971377,40.44574999716133,5958.408344071358,652389.5469763549
1622300640,75,,Aggregated,7.200000,0.000000,110,200,240,270,370,480,590,700,5300,6000,6000,4779,0,110.0,185.73972941971377,40.44574999716133,5958.408344071358,652389.5469763549
1622300641,75,,Aggregated,7.200000,0.000000,110,200,240,270,370,480,600,700,5300,6000,6000,4788,0,110.0,185.92575055883515,40.44574999716133,5958.408344071358,652795.5651629072
1622300642,75,,Aggregated,7.400000,0.000000,110,200,240,270,370,480,600,700,5300,6000,6000,4800,0,110.0,186.23489084743292,40.44574999716133,5958.408344071358,653170.803125
1622300643,75,,Aggregated,7.400000,0.000000,110,200,240,270,370,480,600,700,5300,6000,6000,4800,0,110.0,186.23489084743292,40.44574999716133,5958.408344071358,653170.803125
1622300644,75,,Aggregated,7.400000,0.000000,110,200,240,270,370,480,600,700,5300,6000,6000,4800,0,110.0,186.23489084743292,40.44574999716133,5958.408344071358,653170.803125
1622300645,75,,Aggregated,7.700000,0.000000,110,200,240,280,370,480,600,700,5300,6000,6000,4820,0,110.0,186.60544175759713,40.44574999716133,5958.408344071358,651815.7541493776
1622300646,75,,Aggregated,7.700000,0.000000,110,200,240,280,370,480,600,700,5300,6000,6000,4820,0,110.0,186.60544175759713,40.44574999716133,5958.408344071358,651815.7541493776
1622300647,75,,Aggregated,7.200000,0.000000,110,200,240,280,370,480,600,700,5300,6000,6000,4831,0,110.0,186.81444757120107,40.44574999716133,5958.408344071358,654153.1003932933
1622300648,75,,Aggregated,7.300000,0.000000,110,200,240,280,370,480,600,700,5300,6000,6000,4847,0,110.0,187.24503845110638,40.44574999716133,5958.408344071358,653022.6717557252
1622300649,75,,Aggregated,7.300000,0.000000,110,200,240,280,370,480,600,700,5300,6000,6000,4847,0,110.0,187.24503845110638,40.44574999716133,5958.408344071358,653022.6717557252
1622300650,75,,Aggregated,7.400000,0.000000,110,200,240,280,370,480,590,700,5300,6000,6000,4859,0,110.0,187.46772075275004,40.44574999716133,5958.408344071358,652435.3696233793
1622300651,75,,Aggregated,7.400000,0.000000,110,200,240,280,370,490,590,700,5300,6000,6000,4869,0,110.0,187.63196052302987,40.44574999716133,5958.408344071358,652085.550626412
1622300652,75,,Aggregated,7.400000,0.000000,110,200,240,280,370,490,590,700,5300,6000,6000,4869,0,110.0,187.63196052302987,40.44574999716133,5958.408344071358,652085.550626412
1622300653,75,,Aggregated,7.400000,0.000000,110,200,240,280,370,490,590,700,5300,6000,6000,4869,0,110.0,187.63196052302987,40.44574999716133,5958.408344071358,652085.550626412
1622300654,75,,Aggregated,7.500000,0.000000,110,210,250,280,370,490,600,700,5300,6000,6000,4888,0,110.0,188.45199259380198,40.44574999716133,5958.408344071358,652017.5963584288
1622300655,75,,Aggregated,7.500000,0.000000,110,210,250,280,370,490,600,700,5300,6000,6000,4888,0,110.0,188.45199259380198,40.44574999716133,5958.408344071358,652017.5963584288
1622300656,75,,Aggregated,7.800000,0.000000,110,210,250,280,370,490,600,700,5300,6000,6000,4899,0,110.0,188.57894320093268,40.44574999716133,5958.408344071358,652151.9881608492
1622300657,75,,Aggregated,7.900000,0.000000,110,210,250,280,370,490,600,700,5300,6000,6000,4910,0,110.0,188.84367574325927,40.44574999716133,5958.408344071358,651043.8466395112
1622300658,75,,Aggregated,7.900000,0.000000,110,210,250,280,370,490,600,700,5300,6000,6000,4910,0,110.0,188.84367574325927,40.44574999716133,5958.408344071358,651043.8466395112
1622300659,75,,Aggregated,6.800000,0.000000,110,210,250,280,370,490,600,700,5300,6000,6000,4916,0,110.0,189.06792700348936,40.44574999716133,5958.408344071358,650632.3903580146
1622300660,75,,Aggregated,6.900000,0.000000,110,210,250,280,380,490,600,700,5300,6000,6000,4929,0,110.0,189.41965569021613,40.44574999716133,5958.408344071358,652198.8346520592
1622300661,75,,Aggregated,6.900000,0.000000,110,210,250,280,380,490,600,700,5300,6000,6000,4929,0,110.0,189.41965569021613,40.44574999716133,5958.408344071358,652198.8346520592
1622300662,75,,Aggregated,6.900000,0.000000,110,210,250,280,380,490,600,700,5300,6000,6000,4929,0,110.0,189.41965569021613,40.44574999716133,5958.408344071358,652198.8346520592
1622300663,75,,Aggregated,6.500000,0.000000,110,210,250,280,380,490,600,700,5300,6000,6000,4951,0,110.0,189.95110368612828,40.44574999716133,5958.408344071358,653378.6707735811
1622300664,75,,Aggregated,6.500000,0.000000,110,210,250,280,380,490,600,700,5300,6000,6000,4951,0,110.0,189.95110368612828,40.44574999716133,5958.408344071358,653378.6707735811
1622300665,75,,Aggregated,6.700000,0.000000,110,210,250,280,380,490,600,700,5300,6000,6000,4962,0,110.0,190.10783582548302,40.44574999716133,5958.408344071358,654540.3123740427
1622300666,75,,Aggregated,6.800000,0.000000,110,210,250,290,380,490,600,700,5300,6000,6000,4975,0,110.0,190.54607287299675,40.44574999716133,5958.408344071358,654297.8213065327
1622300667,75,,Aggregated,6.800000,0.000000,110,210,250,290,380,490,600,700,5300,6000,6000,4975,0,110.0,190.54607287299675,40.44574999716133,5958.408344071358,654297.8213065327
1622300668,75,,Aggregated,7.200000,0.000000,110,210,250,290,380,490,600,700,5300,6000,6000,4984,0,110.0,190.57943702813773,40.44574999716133,5958.408344071358,656228.1260032103
1622300669,75,,Aggregated,7.100000,0.000000,110,210,250,290,380,490,600,700,5300,6000,6000,4998,0,110.0,190.82710070471208,40.44574999716133,5958.408344071358,656017.5790316126
1622300670,75,,Aggregated,7.100000,0.000000,110,210,250,290,380,490,600,700,5300,6000,6000,4998,0,110.0,190.82710070471208,40.44574999716133,5958.408344071358,656017.5790316126
1622300671,75,,Aggregated,7.600000,0.000000,110,210,250,290,390,500,600,700,4800,6000,6000,5012,0,110.0,191.10795251143836,40.44574999716133,5958.408344071358,655613.8078611332
1622300672,75,,Aggregated,7.700000,0.000000,110,210,250,290,390,490,600,700,4800,6000,6000,5023,0,110.0,191.22785830745303,40.44574999716133,5958.408344071358,656617.8686044196
1622300673,75,,Aggregated,7.700000,0.000000,110,210,250,290,390,490,600,700,4800,6000,6000,5023,0,110.0,191.22785830745303,40.44574999716133,5958.408344071358,656617.8686044196
1622300674,75,,Aggregated,7.600000,0.000000,110,210,250,290,390,490,600,700,4800,6000,6000,5034,0,110.0,191.32336445117977,40.44574999716133,5958.408344071358,656937.6678585617
1622300675,75,,Aggregated,7.600000,0.000000,110,210,250,290,390,490,600,700,4800,6000,6000,5043,0,110.0,191.46009485512744,40.44574999716133,5958.408344071358,656308.1526868928
1622300676,75,,Aggregated,7.600000,0.000000,110,210,250,290,390,490,600,700,4800,6000,6000,5043,0,110.0,191.46009485512744,40.44574999716133,5958.408344071358,656308.1526868928
1622300677,75,,Aggregated,7.400000,0.000000,110,210,250,290,390,500,590,700,4800,6000,6000,5056,0,110.0,191.43985562287884,40.44574999716133,5958.408344071358,656740.4117879746
1622300678,75,,Aggregated,7.500000,0.000000,110,210,250,290,390,490,590,700,4800,6000,6000,5063,0,110.0,191.37537597003563,40.44574999716133,5958.408344071358,656361.7926130752
1622300679,75,,Aggregated,7.500000,0.000000,110,210,250,290,390,490,590,700,4800,6000,6000,5063,0,110.0,191.37537597003563,40.44574999716133,5958.408344071358,656361.7926130752
1622300680,75,,Aggregated,6.800000,0.000000,110,210,250,290,390,490,590,700,4800,6000,6000,5072,0,110.0,191.33562247342257,40.44574999716133,5958.408344071358,655543.2647870663
1622300681,75,,Aggregated,6.800000,0.000000,110,210,250,290,390,490,590,700,4800,6000,6000,5090,0,110.0,191.65728596329126,40.44574999716133,5958.408344071358,655394.56935167
1622300682,75,,Aggregated,6.800000,0.000000,110,210,250,290,390,490,590,700,4800,6000,6000,5090,0,110.0,191.65728596329126,40.44574999716133,5958.408344071358,655394.56935167
1622300683,75,,Aggregated,7.700000,0.000000,110,210,250,290,390,500,590,700,4800,6000,6000,5101,0,110.0,191.88398471280314,40.44574999716133,5958.408344071358,655193.0739070771
1622300684,75,,Aggregated,7.800000,0.000000,110,210,250,290,390,500,590,700,4800,6000,6000,5114,0,110.0,191.94100515216357,40.44574999716133,5958.408344071358,655311.347281971
1622300685,75,,Aggregated,7.800000,0.000000,110,210,250,290,390,500,590,700,4800,6000,6000,5114,0,110.0,191.94100515216357,40.44574999716133,5958.408344071358,655311.347281971
1622300686,75,,Aggregated,7.600000,0.000000,110,210,250,290,390,500,590,700,4800,6000,6000,5125,0,110.0,192.0157785923788,40.44574999716133,5958.408344071358,655609.5116097562
1622300687,75,,Aggregated,7.600000,0.000000,110,210,250,290,390,500,590,700,4800,6000,6000,5132,0,110.0,192.11943435946074,40.44574999716133,5958.408344071358,654748.0557287607
1622300688,75,,Aggregated,7.600000,0.000000,110,210,250,290,390,500,590,700,4800,6000,6000,5132,0,110.0,192.11943435946074,40.44574999716133,5958.408344071358,654748.0557287607
1622300689,75,,Aggregated,7.300000,0.000000,110,210,250,290,390,500,590,700,4800,6000,6000,5144,0,110.0,192.07889964733624,40.44574999716133,5958.408344071358,654244.7645800933
1622300690,75,,Aggregated,7.300000,0.000000,110,210,250,290,390,500,590,700,4800,6000,6000,5153,0,110.0,192.05972119541977,40.44574999716133,5958.408344071358,655690.2608189405
1622300691,75,,Aggregated,7.300000,0.000000,110,210,250,290,390,500,590,700,4800,6000,6000,5153,0,110.0,192.05972119541977,40.44574999716133,5958.408344071358,655690.2608189405
1622300692,75,,Aggregated,7.600000,0.000000,110,210,250,290,390,500,590,700,4800,6000,6000,5164,0,110.0,192.08489301298448,40.44574999716133,5958.408344071358,657301.5761037956
1622300693,75,,Aggregated,7.100000,0.000000,110,210,250,290,390,500,590,700,4800,6000,6000,5177,0,110.0,192.19457597470378,40.44574999716133,5958.408344071358,657031.0720494494
1622300694,75,,Aggregated,7.100000,0.000000,110,210,250,290,390,500,590,700,4800,6000,6000,5177,0,110.0,192.19457597470378,40.44574999716133,5958.408344071358,657031.0720494494
1622300695,75,,Aggregated,7.100000,0.000000,110,210,250,290,390,490,590,700,4800,6000,6000,5188,0,110.0,192.1213295292627,40.44574999716133,5958.408344071358,658371.4760986893
1622300696,75,,Aggregated,7.100000,0.000000,110,210,250,290,390,490,590,700,4800,6000,6000,5195,0,110.0,192.09880767389237,40.44574999716133,5958.408344071358,658443.8666025024
1622300697,75,,Aggregated,7.100000,0.000000,110,210,250,290,390,490,590,700,4800,6000,6000,5195,0,110.0,192.09880767389237,40.44574999716133,5958.408344071358,658443.8666025024
1622300698,75,,Aggregated,6.600000,0.000000,110,210,250,290,390,490,590,690,4800,6000,6000,5206,0,110.0,192.09776538105493,40.44574999716133,5958.408344071358,657201.1765270841
1622300699,75,,Aggregated,6.800000,0.000000,110,210,250,290,390,500,590,690,4800,6000,6000,5218,0,110.0,192.15979438669368,40.44574999716133,5958.408344071358,656711.6968187045
1622300700,75,,Aggregated,6.800000,0.000000,110,210,250,290,390,500,590,690,4800,6000,6000,5218,0,110.0,192.15979438669368,40.44574999716133,5958.408344071358,656711.6968187045
1622300701,75,,Aggregated,7.200000,0.000000,110,210,250,290,390,490,590,690,4800,6000,6000,5231,0,110.0,191.98078523262075,40.44574999716133,5958.408344071358,655788.9017396291
1622300702,75,,Aggregated,7.300000,0.000000,110,210,250,290,390,490,590,690,4800,6000,6000,5239,0,110.0,191.99015384763814,40.44574999716133,5958.408344071358,655993.1988929185
1622300703,75,,Aggregated,7.300000,0.000000,110,210,250,290,390,490,590,690,4800,6000,6000,5239,0,110.0,191.99015384763814,40.44574999716133,5958.408344071358,655993.1988929185
1622300704,75,,Aggregated,6.600000,0.000000,110,210,250,290,390,490,590,690,4800,6000,6000,5249,0,110.0,191.8654826385197,40.44574999716133,5958.408344071358,656246.671175462
1622300705,75,,Aggregated,6.700000,0.000000,110,210,250,290,390,490,590,690,4800,6000,6000,5261,0,110.0,191.82879019341559,39.262428996153176,5958.408344071358,655151.9709180765
1622300706,75,,Aggregated,6.700000,0.000000,110,210,250,290,390,490,590,690,4800,6000,6000,5261,0,110.0,191.82879019341559,39.262428996153176,5958.408344071358,655151.9709180765
1622300707,75,,Aggregated,7.000000,0.000000,110,210,250,290,390,490,590,690,4800,6000,6000,5272,0,110.0,191.71703046618399,39.262428996153176,5958.408344071358,656506.2063732928
1622300708,75,,Aggregated,7.100000,0.000000,110,210,250,290,390,490,590,690,4800,6000,6000,5288,0,110.0,191.54002402470826,39.262428996153176,5958.408344071358,657320.2921709531
1622300709,75,,Aggregated,7.100000,0.000000,110,210,250,290,390,490,590,690,4800,6000,6000,5288,0,110.0,191.54002402470826,39.262428996153176,5958.408344071358,657320.2921709531
1622300710,75,,Aggregated,7.800000,0.000000,110,210,250,290,390,490,590,690,4800,6000,6000,5299,0,110.0,191.3918388923878,39.262428996153176,5958.408344071358,656983.587280619
1622300711,75,,Aggregated,7.900000,0.000000,110,210,250,290,390,490,590,690,4800,6000,6000,5306,0,110.0,191.32663927832513,39.262428996153176,5958.408344071358,656430.5829249906
1622300712,75,,Aggregated,7.900000,0.000000,110,210,250,290,390,490,590,690,4800,6000,6000,5306,0,110.0,191.32663927832513,39.262428996153176,5958.408344071358,656430.5829249906
1622300713,75,,Aggregated,7.200000,0.000000,110,210,250,290,390,490,590,690,4800,6000,6000,5316,0,110.0,191.1485232187036,39.262428996153176,5958.408344071358,656374.1758841234
1622300714,75,,Aggregated,7.200000,0.000000,110,210,250,290,390,490,590,690,4800,6000,6000,5329,0,110.0,191.02005634218668,39.262428996153176,5958.408344071358,656322.3032463877
1622300715,75,,Aggregated,7.200000,0.000000,110,210,250,290,390,490,590,690,4800,6000,6000,5329,0,110.0,191.02005634218668,39.262428996153176,5958.408344071358,656322.3032463877
1622300716,75,,Aggregated,7.600000,0.000000,110,210,250,290,390,490,590,690,4800,6000,6000,5355,0,110.0,190.80396786129518,39.262428996153176,5958.408344071358,656446.094117647
1622300717,75,,Aggregated,7.600000,0.000000,110,210,250,290,390,490,590,690,4800,6000,6000,5355,0,110.0,190.80396786129518,39.262428996153176,5958.408344071358,656446.094117647
1622300718,75,,Aggregated,7.600000,0.000000,110,210,250,290,390,490,590,690,4800,6000,6000,5355,0,110.0,190.80396786129518,39.262428996153176,5958.408344071358,656446.094117647
1622300719,75,,Aggregated,7.400000,0.000000,110,210,250,290,380,490,590,690,4800,6000,6000,5381,0,110.0,190.7532470785039,39.262428996153176,5958.408344071358,659222.3110945921
1622300720,75,,Aggregated,7.400000,0.000000,110,210,250,290,380,490,590,690,4800,6000,6000,5381,0,110.0,190.7532470785039,39.262428996153176,5958.408344071358,659222.3110945921
1622300721,75,,Aggregated,7.400000,0.000000,110,210,250,290,380,490,590,690,4800,6000,6000,5381,0,110.0,190.7532470785039,39.262428996153176,5958.408344071358,659222.3110945921
1622300722,75,,Aggregated,8.400000,0.000000,110,210,250,290,380,490,590,690,4800,6000,6000,5388,0,110.0,190.7261031584071,39.262428996153176,5958.408344071358,659141.9875649592
1622300723,75,,Aggregated,8.400000,0.000000,110,210,250,290,380,490,590,690,4800,6000,6000,5393,0,110.0,190.75342701195316,39.262428996153176,5958.408344071358,658531.109586501
1622300724,75,,Aggregated,8.400000,0.000000,110,210,250,290,380,490,590,690,4800,6000,6000,5393,0,110.0,190.75342701195316,39.262428996153176,5958.408344071358,658531.109586501
1622300726,75,,Aggregated,7.100000,0.000000,110,210,250,290,380,490,590,680,4800,6000,6000,5419,0,110.0,190.50498225610696,39.262428996153176,5958.408344071358,657419.5395829489
1622300727,75,,Aggregated,7.100000,0.000000,110,210,250,290,380,490,590,680,4800,6000,6000,5419,0,110.0,190.50498225610696,39.262428996153176,5958.408344071358,657419.5395829489
1622300728,75,,Aggregated,7.100000,0.000000,110,210,250,290,380,490,590,680,4800,6000,6000,5419,0,110.0,190.50498225610696,39.262428996153176,5958.408344071358,657419.5395829489
1622300729,75,,Aggregated,7.300000,0.000000,110,210,250,290,380,490,590,680,4800,6000,6000,5442,0,110.0,190.26746376860947,39.262428996153176,5958.408344071358,655502.2987872106
1622300730,75,,Aggregated,7.300000,0.000000,110,210,250,290,380,490,590,680,4800,6000,6000,5442,0,110.0,190.26746376860947,39.262428996153176,5958.408344071358,655502.2987872106
1622300731,75,,Aggregated,7.300000,0.000000,110,210,250,290,380,490,590,680,4800,6000,6000,5442,0,110.0,190.26746376860947,39.262428996153176,5958.408344071358,655502.2987872106
1622300732,75,,Aggregated,6.900000,0.000000,110,210,250,290,380,490,590,680,4800,6000,6000,5466,0,110.0,189.95313504789382,39.262428996153176,5958.408344071358,656282.5
1622300733,75,,Aggregated,6.900000,0.000000,110,210,250,290,380,490,590,680,4800,6000,6000,5466,0,110.0,189.95313504789382,39.262428996153176,5958.408344071358,656282.5
1622300734,75,,Aggregated,6.900000,0.000000,110,210,250,290,380,490,590,680,4800,6000,6000,5466,0,110.0,189.95313504789382,39.262428996153176,5958.408344071358,656282.5
1622300735,75,,Aggregated,8.000000,0.000000,110,210,250,290,380,490,590,680,4800,6000,6000,5487,0,110.0,189.68604109657366,39.262428996153176,5958.408344071358,657010.3437215236
1622300736,75,,Aggregated,8.000000,0.000000,110,210,250,290,380,490,590,680,4800,6000,6000,5487,0,110.0,189.68604109657366,39.262428996153176,5958.408344071358,657010.3437215236
1622300737,75,,Aggregated,8.000000,0.000000,110,210,250,290,380,490,590,680,4800,6000,6000,5487,0,110.0,189.68604109657366,39.262428996153176,5958.408344071358,657010.3437215236
1622300738,75,,Aggregated,7.800000,0.000000,110,210,250,290,380,490,590,680,4800,6000,6000,5493,0,110.0,189.6672630696999,39.262428996153176,5958.408344071358,656370.4598580011
1622300739,75,,Aggregated,7.700000,0.000000,110,210,250,290,380,490,590,670,4800,6000,6000,5501,0,110.0,189.61774607924949,39.262428996153176,5958.408344071358,655642.2981276131
1622300740,75,,Aggregated,7.700000,0.000000,110,210,250,290,380,490,590,670,4800,6000,6000,5501,0,110.0,189.61774607924949,39.262428996153176,5958.408344071358,655642.2981276131
1622300741,75,,Aggregated,6.500000,0.000000,110,210,250,290,380,490,590,670,4800,6000,6000,5522,0,110.0,189.39068266657978,39.262428996153176,5958.408344071358,656006.7216588192
1622300742,75,,Aggregated,6.500000,0.000000,110,210,250,290,380,490,590,670,4800,6000,6000,5522,0,110.0,189.39068266657978,39.262428996153176,5958.408344071358,656006.7216588192
1622300743,75,,Aggregated,6.500000,0.000000,110,210,250,290,380,490,590,670,4800,6000,6000,5522,0,110.0,189.39068266657978,39.262428996153176,5958.408344071358,656006.7216588192
1622300744,75,,Aggregated,6.600000,0.000000,110,210,250,290,380,490,590,680,4800,6000,6000,5550,0,110.0,189.42969018975188,39.262428996153176,5958.408344071358,653566.9780180181
1622300745,75,,Aggregated,6.600000,0.000000,110,210,250,290,380,490,590,680,4800,6000,6000,5550,0,110.0,189.42969018975188,39.262428996153176,5958.408344071358,653566.9780180181
1622300746,75,,Aggregated,6.600000,0.000000,110,210,250,290,380,490,590,680,4800,6000,6000,5550,0,110.0,189.42969018975188,39.262428996153176,5958.408344071358,653566.9780180181
1622300747,75,,Aggregated,6.800000,0.000000,110,210,250,290,380,490,590,680,4800,6000,6000,5568,0,110.0,189.3067595093198,39.262428996153176,5958.408344071358,652292.5684267242
1622300748,75,,Aggregated,6.800000,0.000000,110,210,250,290,380,490,590,680,4800,6000,6000,5568,0,110.0,189.3067595093198,39.262428996153176,5958.408344071358,652292.5684267242
1622300749,75,,Aggregated,6.800000,0.000000,110,210,250,290,380,490,590,680,4800,6000,6000,5568,0,110.0,189.3067595093198,39.262428996153176,5958.408344071358,652292.5684267242
1622300750,75,,Aggregated,6.900000,0.000000,110,210,250,290,380,490,590,680,4800,6000,6000,5597,0,110.0,188.921167109335,39.262428996153176,5958.408344071358,651694.8404502412
1622300751,75,,Aggregated,6.900000,0.000000,110,210,250,290,380,490,590,680,4800,6000,6000,5597,0,110.0,188.921167109335,39.262428996153176,5958.408344071358,651694.8404502412
1622300752,75,,Aggregated,6.900000,0.000000,110,210,250,290,380,490,590,680,4800,6000,6000,5597,0,110.0,188.921167109335,39.262428996153176,5958.408344071358,651694.8404502412
1622300753,75,,Aggregated,8.300000,0.000000,110,210,250,290,380,490,590,670,4800,6000,6000,5616,0,110.0,188.74908919619924,39.262428996153176,5958.408344071358,651553.8021723647
1622300754,75,,Aggregated,8.300000,0.000000,110,210,250,290,380,490,590,670,4800,6000,6000,5616,0,110.0,188.74908919619924,39.262428996153176,5958.408344071358,651553.8021723647
1622300755,75,,Aggregated,8.300000,0.000000,110,210,250,290,380,490,590,670,4800,6000,6000,5616,0,110.0,188.74908919619924,39.262428996153176,5958.408344071358,651553.8021723647
1622300756,75,,Aggregated,7.600000,0.000000,110,210,250,290,380,480,590,670,4800,6000,6000,5636,0,110.0,188.63299593773402,39.262428996153176,5958.408344071358,652120.5684882896
1622300757,75,,Aggregated,7.600000,0.000000,110,210,250,290,380,480,590,670,4800,6000,6000,5636,0,110.0,188.63299593773402,39.262428996153176,5958.408344071358,652120.5684882896
1622300758,75,,Aggregated,7.600000,0.000000,110,210,250,290,380,480,590,670,4800,6000,6000,5636,0,110.0,188.63299593773402,39.262428996153176,5958.408344071358,652120.5684882896
1622300759,75,,Aggregated,7.500000,0.000000,110,210,250,290,380,480,590,670,4800,6000,6000,5661,0,110.0,188.33824111528088,39.262428996153176,5958.408344071358,652035.2586115528
1622300760,75,,Aggregated,7.500000,0.000000,110,210,250,290,380,480,590,670,4800,6000,6000,5661,0,110.0,188.33824111528088,39.262428996153176,5958.408344071358,652035.2586115528
1622300761,75,,Aggregated,7.500000,0.000000,110,210,250,290,380,480,590,670,4800,6000,6000,5661,0,110.0,188.33824111528088,39.262428996153176,5958.408344071358,652035.2586115528
1622300762,75,,Aggregated,7.400000,0.000000,110,210,250,290,380,480,590,670,4800,6000,6000,5687,0,110.0,188.17295700119894,39.262428996153176,5958.408344071358,651408.8695269914
1622300763,75,,Aggregated,7.400000,0.000000,110,210,250,290,380,480,590,670,4800,6000,6000,5687,0,110.0,188.17295700119894,39.262428996153176,5958.408344071358,651408.8695269914
1622300764,75,,Aggregated,7.400000,0.000000,110,210,250,290,380,480,590,670,4800,6000,6000,5687,0,110.0,188.17295700119894,39.262428996153176,5958.408344071358,651408.8695269914
1622300765,75,,Aggregated,7.600000,0.000000,110,210,250,290,380,480,590,670,4800,6000,6000,5709,0,110.0,187.82711137848756,39.262428996153176,5958.408344071358,650423.6461727098
1622300766,75,,Aggregated,7.600000,0.000000,110,210,250,290,380,480,590,670,4800,6000,6000,5709,0,110.0,187.82711137848756,39.262428996153176,5958.408344071358,650423.6461727098
1622300767,75,,Aggregated,7.600000,0.000000,110,210,250,290,380,480,590,670,4800,6000,6000,5709,0,110.0,187.82711137848756,39.262428996153176,5958.408344071358,650423.6461727098
1622300768,75,,Aggregated,7.700000,0.000000,110,210,250,290,380,480,590,670,4800,6000,6000,5729,0,110.0,187.46748117958097,39.262428996153176,5958.408344071358,649128.4171757724
1622300769,75,,Aggregated,7.700000,0.000000,110,210,250,290,380,480,590,670,4800,6000,6000,5729,0,110.0,187.46748117958097,39.262428996153176,5958.408344071358,649128.4171757724
1622300770,75,,Aggregated,7.700000,0.000000,110,210,250,290,380,480,590,670,4800,6000,6000,5729,0,110.0,187.46748117958097,39.262428996153176,5958.408344071358,649128.4171757724
1622300771,75,,Aggregated,8.000000,0.000000,110,210,250,280,380,480,590,670,4800,6000,6000,5750,0,110.0,187.3256907918207,39.262428996153176,5958.408344071358,647421.8542608696
1622300772,75,,Aggregated,8.000000,0.000000,110,210,250,280,380,480,590,670,4800,6000,6000,5750,0,110.0,187.3256907918207,39.262428996153176,5958.408344071358,647421.8542608696
1622300773,75,,Aggregated,8.000000,0.000000,110,210,250,280,380,480,590,670,4800,6000,6000,5750,0,110.0,187.3256907918207,39.262428996153176,5958.408344071358,647421.8542608696
1622300774,75,,Aggregated,7.100000,0.000000,110,210,250,280,370,480,590,670,4800,6000,6000,5772,0,110.0,187.16733988984745,39.262428996153176,5958.408344071358,647617.9306999306
1622300775,75,,Aggregated,7.100000,0.000000,110,210,250,280,370,480,590,670,4800,6000,6000,5772,0,110.0,187.16733988984745,39.262428996153176,5958.408344071358,647617.9306999306
1622300776,75,,Aggregated,7.100000,0.000000,110,210,250,280,370,480,590,670,4800,6000,6000,5772,0,110.0,187.16733988984745,39.262428996153176,5958.408344071358,647617.9306999306
1622300777,75,,Aggregated,7.000000,0.000000,110,210,250,280,370,480,590,670,4800,6000,6000,5796,0,110.0,186.88871454743125,39.262428996153176,5958.408344071358,647815.4877501725
1622300778,75,,Aggregated,7.000000,0.000000,110,210,250,280,370,480,590,670,4800,6000,6000,5796,0,110.0,186.88871454743125,39.262428996153176,5958.408344071358,647815.4877501725
1622300779,75,,Aggregated,7.000000,0.000000,110,210,250,280,370,480,590,670,4800,6000,6000,5796,0,110.0,186.88871454743125,39.262428996153176,5958.408344071358,647815.4877501725
1622300780,75,,Aggregated,7.600000,0.000000,110,210,250,280,370,480,580,670,4800,6000,6000,5816,0,110.0,186.64526869722044,39.262428996153176,5958.408344071358,646102.9754126547
1622300781,75,,Aggregated,7.600000,0.000000,110,210,250,280,370,480,580,670,4800,6000,6000,5816,0,110.0,186.64526869722044,39.262428996153176,5958.408344071358,646102.9754126547
1622300782,75,,Aggregated,7.600000,0.000000,110,210,250,280,370,480,580,670,4800,6000,6000,5816,0,110.0,186.64526869722044,39.262428996153176,5958.408344071358,646102.9754126547
1622300783,75,,Aggregated,7.300000,0.000000,110,210,250,280,370,480,580,670,4800,6000,6000,5838,0,110.0,186.46552795444762,39.262428996153176,5958.408344071358,646016.9880095923
1622300784,75,,Aggregated,7.300000,0.000000,110,210,250,280,370,480,580,670,4800,6000,6000,5838,0,110.0,186.46552795444762,39.262428996153176,5958.408344071358,646016.9880095923
1622300785,75,,Aggregated,7.300000,0.000000,110,210,250,280,370,480,580,670,4800,6000,6000,5838,0,110.0,186.46552795444762,39.262428996153176,5958.408344071358,646016.9880095923
1622300786,75,,Aggregated,7.300000,0.000000,110,210,250,280,370,480,580,670,4800,6000,6000,5859,0,110.0,186.2316293216857,39.262428996153176,5958.408344071358,645746.5567502987
1622300787,75,,Aggregated,7.300000,0.000000,110,210,250,280,370,480,580,670,4800,6000,6000,5859,0,110.0,186.2316293216857,39.262428996153176,5958.408344071358,645746.5567502987
1622300788,75,,Aggregated,7.300000,0.000000,110,210,250,280,370,480,580,670,4800,6000,6000,5859,0,110.0,186.2316293216857,39.262428996153176,5958.408344071358,645746.5567502987
1622300789,75,,Aggregated,7.000000,0.000000,110,210,250,280,370,480,580,670,4800,6000,6000,5876,0,110.0,186.08615555172022,39.262428996153176,5958.408344071358,644248.7886317222
1622300790,75,,Aggregated,7.000000,0.000000,110,210,250,280,370,480,580,670,4800,6000,6000,5876,0,110.0,186.08615555172022,39.262428996153176,5958.408344071358,644248.7886317222
1622300791,75,,Aggregated,7.000000,0.000000,110,210,250,280,370,480,580,670,4800,6000,6000,5876,0,110.0,186.08615555172022,39.262428996153176,5958.408344071358,644248.7886317222
1622300792,75,,Aggregated,6.700000,0.000000,110,210,250,280,370,480,580,670,4800,6000,6000,5903,0,110.0,185.85117639929663,39.262428996153176,5958.408344071358,644334.087074369
1622300793,75,,Aggregated,6.700000,0.000000,110,210,250,280,370,480,580,670,4800,6000,6000,5903,0,110.0,185.85117639929663,39.262428996153176,5958.408344071358,644334.087074369
1622300794,75,,Aggregated,6.700000,0.000000,110,210,250,280,370,480,580,670,4800,6000,6000,5903,0,110.0,185.85117639929663,39.262428996153176,5958.408344071358,644334.087074369
1622300795,75,,Aggregated,7.100000,0.000000,110,210,250,280,370,480,580,670,4800,6000,6000,5927,0,110.0,185.69648602798813,39.262428996153176,5958.408344071358,646672.606715033
1622300796,75,,Aggregated,7.100000,0.000000,110,210,250,280,370,480,580,670,4800,6000,6000,5927,0,110.0,185.69648602798813,39.262428996153176,5958.408344071358,646672.606715033
1622300797,75,,Aggregated,7.100000,0.000000,110,210,250,280,370,480,580,670,4800,6000,6000,5927,0,110.0,185.69648602798813,39.262428996153176,5958.408344071358,646672.606715033
1622300798,75,,Aggregated,7.300000,0.000000,110,210,250,280,370,480,580,670,4800,6000,6000,5953,0,110.0,185.53696721429657,39.262428996153176,5958.408344071358,645540.47942214
1622300799,75,,Aggregated,7.300000,0.000000,110,210,250,280,370,480,580,670,4800,6000,6000,5953,0,110.0,185.53696721429657,39.262428996153176,5958.408344071358,645540.47942214
1622300800,75,,Aggregated,7.300000,0.000000,110,210,250,280,370,480,580,670,4800,6000,6000,5953,0,110.0,185.53696721429657,39.262428996153176,5958.408344071358,645540.47942214
1622300801,75,,Aggregated,8.000000,0.000000,110,210,250,280,370,480,580,670,4800,6000,6000,5967,0,110.0,185.5317747622749,39.262428996153176,5958.408344071358,646557.5481816658
1622300802,75,,Aggregated,8.000000,0.000000,110,210,250,280,370,480,580,670,4800,6000,6000,5967,0,110.0,185.5317747622749,39.262428996153176,5958.408344071358,646557.5481816658
1622300803,75,,Aggregated,8.000000,0.000000,110,210,250,280,370,480,580,670,4800,6000,6000,5967,0,110.0,185.5317747622749,39.262428996153176,5958.408344071358,646557.5481816658
1622300804,75,,Aggregated,7.100000,0.000000,110,210,250,280,370,480,580,670,4800,6000,6000,5991,0,110.0,185.34709903498387,39.262428996153176,5958.408344071358,645430.8874979136
1622300805,75,,Aggregated,7.100000,0.000000,110,210,250,280,370,480,580,670,4800,6000,6000,5991,0,110.0,185.34709903498387,39.262428996153176,5958.408344071358,645430.8874979136
1622300806,75,,Aggregated,7.100000,0.000000,110,210,250,280,370,480,580,670,4800,6000,6000,5991,0,110.0,185.34709903498387,39.262428996153176,5958.408344071358,645430.8874979136
1622300807,75,,Aggregated,7.200000,0.000000,110,210,250,280,370,480,580,670,4800,6000,6000,6017,0,110.0,185.07728359655187,39.262428996153176,5958.408344071358,644202.5727106532
1622300808,75,,Aggregated,7.200000,0.000000,110,210,250,280,370,480,580,670,4800,6000,6000,6017,0,110.0,185.07728359655187,39.262428996153176,5958.408344071358,644202.5727106532
1622300809,75,,Aggregated,7.200000,0.000000,110,210,250,280,370,480,580,670,4800,6000,6000,6017,0,110.0,185.07728359655187,39.262428996153176,5958.408344071358,644202.5727106532
1622300810,75,,Aggregated,7.400000,0.000000,110,210,250,280,370,480,580,670,4800,6000,6000,6037,0,110.0,184.93688432079384,39.262428996153176,5958.408344071358,642635.0790127547
1622300811,75,,Aggregated,7.400000,0.000000,110,210,250,280,370,480,580,670,4800,6000,6000,6037,0,110.0,184.93688432079384,39.262428996153176,5958.408344071358,642635.0790127547
1622300812,75,,Aggregated,7.400000,0.000000,110,210,250,280,370,480,580,670,4800,6000,6000,6037,0,110.0,184.93688432079384,39.262428996153176,5958.408344071358,642635.0790127547
1622300813,75,,Aggregated,7.400000,0.000000,110,210,250,280,370,480,580,670,4800,6000,6000,6062,0,110.0,184.83398424142734,39.262428996153176,5958.408344071358,641963.3922797757
1622300814,75,,Aggregated,7.400000,0.000000,110,210,250,280,370,480,580,670,4800,6000,6000,6062,0,110.0,184.83398424142734,39.262428996153176,5958.408344071358,641963.3922797757
1622300815,75,,Aggregated,7.400000,0.000000,110,210,250,280,370,480,580,670,4800,6000,6000,6062,0,110.0,184.83398424142734,39.262428996153176,5958.408344071358,641963.3922797757
1622300816,75,,Aggregated,8.100000,0.000000,110,210,250,280,370,480,580,670,4800,6000,6000,6081,0,110.0,184.71072732404002,39.262428996153176,5958.408344071358,641948.6250616675
1622300817,75,,Aggregated,8.100000,0.000000,110,210,250,280,370,480,580,670,4800,6000,6000,6081,0,110.0,184.71072732404002,39.262428996153176,5958.408344071358,641948.6250616675
1622300818,75,,Aggregated,8.100000,0.000000,110,210,250,280,370,480,580,670,4800,6000,6000,6081,0,110.0,184.71072732404002,39.262428996153176,5958.408344071358,641948.6250616675
1622300819,75,,Aggregated,7.400000,0.000000,110,210,250,280,370,480,580,660,4800,6000,6000,6101,0,110.0,184.70610234068926,39.262428996153176,5958.408344071358,640643.2732338961
1622300820,75,,Aggregated,7.400000,0.000000,110,210,250,280,370,480,580,660,4800,6000,6000,6101,0,110.0,184.70610234068926,39.262428996153176,5958.408344071358,640643.2732338961
1622300821,75,,Aggregated,7.400000,0.000000,110,210,250,280,370,480,580,660,4800,6000,6000,6101,0,110.0,184.70610234068926,39.262428996153176,5958.408344071358,640643.2732338961
1622300822,75,,Aggregated,7.000000,0.000000,110,200,250,280,370,480,580,660,4800,6000,6000,6125,0,110.0,184.50568771010683,39.262428996153176,5958.408344071358,640681.4156734694
1622300823,75,,Aggregated,7.000000,0.000000,110,200,250,280,370,480,580,660,4800,6000,6000,6125,0,110.0,184.50568771010683,39.262428996153176,5958.408344071358,640681.4156734694
1622300824,75,,Aggregated,7.000000,0.000000,110,200,250,280,370,480,580,660,4800,6000,6000,6125,0,110.0,184.50568771010683,39.262428996153176,5958.408344071358,640681.4156734694
1622300825,75,,Aggregated,7.400000,0.000000,110,200,250,280,370,480,580,660,4800,6000,6000,6149,0,110.0,184.24622825962228,39.262428996153176,5958.408344071358,640128.7019027484
1622300826,75,,Aggregated,7.400000,0.000000,110,200,250,280,370,480,580,660,4800,6000,6000,6149,0,110.0,184.24622825962228,39.262428996153176,5958.408344071358,640128.7019027484
1622300827,75,,Aggregated,7.400000,0.000000,110,200,250,280,370,480,580,660,4800,6000,6000,6149,0,110.0,184.24622825962228,39.262428996153176,5958.408344071358,640128.7019027484
1622300828,75,,Aggregated,7.400000,0.000000,110,200,250,280,370,480,580,660,4800,6000,6000,6173,0,110.0,184.01605022752872,39.262428996153176,5958.408344071358,639844.3189697068
1622300829,75,,Aggregated,7.400000,0.000000,110,200,250,280,370,480,580,660,4800,6000,6000,6173,0,110.0,184.01605022752872,39.262428996153176,5958.408344071358,639844.3189697068
1622300830,75,,Aggregated,7.400000,0.000000,110,200,250,280,370,480,580,660,4800,6000,6000,6173,0,110.0,184.01605022752872,39.262428996153176,5958.408344071358,639844.3189697068
1622300831,75,,Aggregated,7.800000,0.000000,110,200,250,280,370,470,580,660,4800,6000,6000,6194,0,110.0,183.8789822412951,39.262428996153176,5958.408344071358,639451.8592185987
1622300832,75,,Aggregated,7.800000,0.000000,110,200,250,280,370,470,580,660,4800,6000,6000,6194,0,110.0,183.8789822412951,39.262428996153176,5958.408344071358,639451.8592185987
1622300833,75,,Aggregated,7.800000,0.000000,110,200,250,280,370,470,580,660,4800,6000,6000,6194,0,110.0,183.8789822412951,39.262428996153176,5958.408344071358,639451.8592185987
1622300834,75,,Aggregated,7.700000,0.000000,110,200,250,280,370,470,580,660,4800,6000,6000,6214,0,110.0,183.76648144855955,39.262428996153176,5958.408344071358,638382.2957837142
1622300835,75,,Aggregated,7.700000,0.000000,110,200,250,280,370,470,580,660,4800,6000,6000,6214,0,110.0,183.76648144855955,39.262428996153176,5958.408344071358,638382.2957837142
1622300836,75,,Aggregated,7.700000,0.000000,110,200,250,280,370,470,580,660,4800,6000,6000,6214,0,110.0,183.76648144855955,39.262428996153176,5958.408344071358,638382.2957837142
1622300837,75,,Aggregated,7.400000,0.000000,110,200,250,280,370,470,580,660,4800,6000,6000,6236,0,110.0,183.60562746428846,39.262428996153176,5958.408344071358,638324.0168377165
1622300838,75,,Aggregated,7.400000,0.000000,110,200,250,280,370,470,580,660,4800,6000,6000,6236,0,110.0,183.60562746428846,39.262428996153176,5958.408344071358,638324.0168377165
1622300839,75,,Aggregated,7.400000,0.000000,110,200,250,280,370,470,580,660,4800,6000,6000,6236,0,110.0,183.60562746428846,39.262428996153176,5958.408344071358,638324.0168377165
1622300840,75,,Aggregated,7.100000,0.000000,110,200,240,280,370,470,580,660,4800,6000,6000,6261,0,110.0,183.3166965410114,39.262428996153176,5958.408344071358,638884.535697173
1622300841,75,,Aggregated,7.100000,0.000000,110,200,240,280,370,470,580,660,4800,6000,6000,6261,0,110.0,183.3166965410114,39.262428996153176,5958.408344071358,638884.535697173
1622300842,75,,Aggregated,7.100000,0.000000,110,200,240,280,370,470,580,660,4800,6000,6000,6261,0,110.0,183.3166965410114,39.262428996153176,5958.408344071358,638884.535697173
1622300843,75,,Aggregated,7.500000,0.000000,110,200,240,280,370,470,580,660,4800,6000,6000,6288,0,110.0,182.87227255076624,39.262428996153176,5958.408344071358,638159.2686068702
1622300844,75,,Aggregated,7.500000,0.000000,110,200,240,280,370,470,580,660,4800,6000,6000,6288,0,110.0,182.87227255076624,39.262428996153176,5958.408344071358,638159.2686068702
1622300845,75,,Aggregated,7.500000,0.000000,110,200,240,280,370,470,580,660,4800,6000,6000,6288,0,110.0,182.87227255076624,39.262428996153176,5958.408344071358,638159.2686068702
1622300846,75,,Aggregated,7.800000,0.000000,110,200,240,280,370,470,580,660,4800,6000,6000,6307,0,110.0,182.72500364439904,39.262428996153176,5958.408344071358,638210.1488821944
1622300847,75,,Aggregated,7.800000,0.000000,110,200,240,280,370,470,580,660,4800,6000,6000,6307,0,110.0,182.72500364439904,39.262428996153176,5958.408344071358,638210.1488821944
1622300848,75,,Aggregated,7.800000,0.000000,110,200,240,280,370,470,580,660,4800,6000,6000,6307,0,110.0,182.72500364439904,39.262428996153176,5958.408344071358,638210.1488821944
1622300849,75,,Aggregated,7.900000,0.000000,100,200,240,280,360,470,580,660,4800,6000,6000,6329,0,100.0,182.5132537497709,39.262428996153176,5958.408344071358,636681.3741507347
1622300850,75,,Aggregated,7.900000,0.000000,100,200,240,280,360,470,580,660,4800,6000,6000,6329,0,100.0,182.5132537497709,39.262428996153176,5958.408344071358,636681.3741507347
1622300851,75,,Aggregated,7.900000,0.000000,100,200,240,280,360,470,580,660,4800,6000,6000,6329,0,100.0,182.5132537497709,39.262428996153176,5958.408344071358,636681.3741507347
1622300852,75,,Aggregated,7.500000,0.000000,110,200,240,280,360,470,580,660,4800,6000,6000,6350,0,100.0,182.4653471827298,39.262428996153176,5958.408344071358,636324.4927559055
1622300853,75,,Aggregated,7.500000,0.000000,110,200,240,280,360,470,580,660,4800,6000,6000,6350,0,100.0,182.4653471827298,39.262428996153176,5958.408344071358,636324.4927559055
1622300854,75,,Aggregated,7.500000,0.000000,110,200,240,280,360,470,580,660,4800,6000,6000,6350,0,100.0,182.4653471827298,39.262428996153176,5958.408344071358,636324.4927559055
1622300855,75,,Aggregated,6.700000,0.000000,100,200,240,280,360,470,580,660,4800,6000,6000,6375,0,100.0,182.22914538684978,39.262428996153176,5958.408344071358,635559.8834509804
1622300856,75,,Aggregated,6.700000,0.000000,100,200,240,280,360,470,580,660,4800,6000,6000,6375,0,100.0,182.22914538684978,39.262428996153176,5958.408344071358,635559.8834509804
1622300857,75,,Aggregated,6.700000,0.000000,100,200,240,280,360,470,580,660,4800,6000,6000,6375,0,100.0,182.22914538684978,39.262428996153176,5958.408344071358,635559.8834509804
1622300858,75,,Aggregated,7.400000,0.000000,100,200,240,280,360,470,580,660,4800,6000,6000,6397,0,100.0,182.03255809926415,39.262428996153176,5958.408344071358,636696.6735969986
1622300859,75,,Aggregated,7.400000,0.000000,100,200,240,280,360,470,580,660,4800,6000,6000,6397,0,100.0,182.03255809926415,39.262428996153176,5958.408344071358,636696.6735969986
1622300860,75,,Aggregated,7.400000,0.000000,100,200,240,280,360,470,580,660,4800,6000,6000,6397,0,100.0,182.03255809926415,39.262428996153176,5958.408344071358,636696.6735969986
1622300861,75,,Aggregated,7.800000,0.000000,100,200,240,280,360,470,570,650,4800,6000,6000,6412,0,100.0,182.05036394226107,39.262428996153176,5958.408344071358,635531.2752651279
1622300862,75,,Aggregated,7.800000,0.000000,100,200,240,280,360,470,570,650,4800,6000,6000,6412,0,100.0,182.05036394226107,39.262428996153176,5958.408344071358,635531.2752651279
1622300863,75,,Aggregated,7.800000,0.000000,100,200,240,280,360,470,570,650,4800,6000,6000,6412,0,100.0,182.05036394226107,39.262428996153176,5958.408344071358,635531.2752651279
